1	CCCCCTGA	0.487907114563736

Enrichment score matrix

A:	-0.0156739811912226	0.0073632538569425	0.0401315789473684	0.0318943298969072	-0.0390625	-0.00029120559114735	-0.0599184089750128	0.0818181818181818	-0.129901960784314	-0.231484049930652	-0.144859813084112	-0.330699233716475	-0.211165048543689	-0.131824889326119	0.0960681520314548	-0.051676745464541	-0.015470297029703	-0.0470360824742268	-0.126950354609929	-0.0668103448275862	0.0234270414993307	-0.0541187739463602
C:	0.0735183795948987	-0.0178571428571429	-0.0450657894736842	0.000644329896907216	0.0821854912764004	-0.10774606872452	0.0966001079330815	0.158181818181818	0.402536715620828	0.420110957004161	0.446862483311081	0.247496947496948	0.0546026300743282	-0.177530471648119	-0.035741348825461	0.0868676545733265	-0.0181224004753417	0.0109536082474227	0.00017343045438779	0.0584772370486656	-0.0410813111962537	0.012263099219621
G:	-0.043338683788122	0.0661654135338346	0.0399865591397849	-0.0583118556701031	-0.00309278350515464	0.0392156862745098	0.0480269989615784	0.0458715596330275	-0.266795366795367	-0.265880721220527	-0.207244212098581	-0.0647321428571429	-0.188461538461538	0.193246753246753	-0.0984272608125819	0.00852116547553601	0.0317884729649436	0.00220959595959596	-0.0301418439716312	-0.030791788856305	0.0220883534136546	-0.0503246753246753
T:	-0.0188087774294671	-0.049793956043956	-0.0342105263157895	0.0252525252525253	-0.0415625	0.0695981362842167	-0.0799584631360332	-0.267053701015965	0.00157232704402516	0.0803751803751804	-0.0829858215179316	0.144473742034718	0.351098901098901	0.113625184456468	0.0380146501641829	-0.0493261455525606	0.00121212121212121	0.0338273195876289	0.147352647352647	0.0474882260596546	-0.00245426149040607	0.0968421052631579

Energy matrix for enoLOGOS

PO	1	2	3	4	5	6	7	8	9	10	11	12	13	14	15	16	17	18	19	20	21	22
A:	0.144362701755113	-0.0678180742677068	-0.369625501770097	-0.293757634286612	0.35977892078032	0.00268210261268963	0.55186894120714	-0.753573303161688	1.19644127381063	2.13204689054483	1.33420818472552	3.04585250328044	1.94490197175225	1.21415210019165	-0.884820379116454	0.475960415044399	0.142486701299137	0.433218329351973	1.16925597630052	0.615346016231167	-0.215771026117247	0.498452328560014
C:	-0.677129299665166	0.164470363785289	0.415071260184453	-0.00593449766235579	-0.756956348293727	0.992377966695163	-0.889719874033317	-1.4569083861126	-3.70750016308521	-3.86936490800497	-4.11575557076159	-2.27953112747201	-0.502908808189666	1.63511607027664	0.329189988036027	-0.800080665935591	0.16691347673516	-0.100886460260048	-0.00159735351577804	-0.538595257230946	0.378372859044573	-0.112947317828025
G:	0.39916402896205	-0.609405979499176	-0.368289819981575	0.537072038443199	0.0284855887793078	-0.36118981850887	-0.442345007480684	-0.422492677613586	2.45727613785156	2.44885194078757	1.90878973354996	0.596205068721673	1.73579491625705	-1.77986837318189	0.906548573965152	-0.0784828343956189	-0.292782655912493	-0.0203511308724221	0.277616642417722	0.283602856028592	-0.203441253196261	0.463507388849451
T:	0.173235242106135	0.458619283632056	0.315090591672869	-0.232584352827681	0.38280477171026	-0.641022524432821	0.736444661102976	2.459655483953	-0.0144816672515349	-0.740282768714392	0.764327662228215	-1.33065233895283	-3.23374038334768	-1.04652662367265	-0.350127867133725	0.454310589776723	-0.0111640489357287	-0.311561127273679	-1.35716803682966	-0.437382725670769	0.0226045836884735	-0.89194875181243

Probability matrix

A:	0.199183320033892	0.243774188719871	0.337934125104798	0.319872860091724	0.155645170372636	0.212129600571798	0.114136187309077	0.264630512164034	0.00717050881170461	0.00236180275478314	0.00423583922671192	0.00335986605777729	0.00522910468574488	0.0320391619241975	0.487903657562398	0.136141730675521	0.213340980972261	0.156597020425023	0.0521578666989802	0.118630727292965	0.300508979306489	0.126661923211972
C:	0.452920950611854	0.193244050930462	0.154185160084371	0.239870805505394	0.47547492028517	0.0788463914216727	0.482500123219348	0.53468064438671	0.966728850136646	0.954165374660186	0.985890435723016	0.690409389784843	0.060464163770784	0.0210309464740523	0.144909237213805	0.487718093357915	0.208192880459079	0.267142051851081	0.168195727754656	0.376138268018476	0.165891465061088	0.233439084132204
G:	0.154381109092487	0.41898295795633	0.337483053958993	0.13936465732137	0.216777655592046	0.305231142076535	0.308464359899394	0.190043678728598	0.00203224633866871	0.00172050896396187	0.00238452495488713	0.0389215679885757	0.00644527388179159	0.639687283915915	0.0813490381711304	0.237018863275582	0.329692727717341	0.246471216262868	0.127219552216686	0.165299453155024	0.296826520423344	0.131166361776111
T:	0.193514620261766	0.143998802393337	0.170397660851838	0.300891677081512	0.152102253750148	0.403792865929994	0.0948993295721811	0.0106451647206579	0.0240683947129805	0.041752313621069	0.00748920009538485	0.267309176168804	0.927861457661679	0.307242607685836	0.285838067052667	0.139121312690982	0.248773410851319	0.329789711461028	0.652426853329677	0.339931551533535	0.236773035209078	0.508732630879714



2	CAAGGGGG	0.487388031887618

Enrichment score matrix

A:	-0.101012658227848	0.0108885017421603	0.0988372093023256	0.0253623188405797	0.0392219387755102	0.105654761904762	0.0183288409703504	-0.0547365547365547	0.167153996101365	0.1734335839599	0.000750750750750751	-0.0849358974358974	0.0601965601965602	-0.0687325256290773	-0.261111111111111	-0.0598382749326146	0.0912004662004662	0.0791176470588235	-0.0248724489795918	-0.0862630208333333	0.0136746143057504	-0.108150470219436
C:	0.0350098619329389	0.05875	0.0402298850574713	0.123550724637681	-0.0870535714285714	0.0281081081081081	-0.00051975051975052	0.083416087388282	0.0438867438867439	-0.0786967418546366	-0.0632008154943935	-0.168472906403941	-0.244855967078189	-0.272768878718535	0.108201058201058	0.0506738544474394	0.0836247086247086	-0.0497058823529412	0.0151515151515152	-0.00049883604921849	-0.0206043956043956	-0.0489811912225705
G:	0.12049062049062	-0.000516528925619835	-0.0515503875968992	0.0641304347826087	0.143688725490196	0.00728438228438228	0.031610775151182	-0.0528178243774574	-0.130795933548227	0.22369131138694	0.2926709296606	0.432231020027946	0.412115193644489	0.379862700228833	0.110025062656642	0.0450797141286421	-0.0225522552255226	-0.00015001500150015	0.0179631365198375	0.00844806007509387	0.0333822450476889	0.0455938697318008
T:	-0.0601577909270217	-0.06875	-0.0930087390761548	-0.204166666666667	-0.10172193877551	-0.135574229691877	-0.0487870619946092	0.0163853028798411	-0.0830808080808081	-0.332506887052342	-0.250397456279809	-0.183379120879121	-0.234528921444809	-0.0382743362831858	0.0367724867724868	-0.0337837837837838	-0.145098039215686	-0.0298529852985299	-0.00892857142857143	0.0796474891918856	-0.0245441795231417	0.110501567398119

Energy matrix for enoLOGOS

PO	1	2	3	4	5	6	7	8	9	10	11	12	13	14	15	16	17	18	19	20	21	22
A:	0.930360964156582	-0.100286807186152	-0.910324339090669	-0.233595589144324	-0.36124740617126	-0.97311631906296	-0.168814863960749	0.504142299912974	-1.53954519862955	-1.59738234020239	-0.00691466994893107	0.782288525183875	-0.554430808632473	0.633049955669379	2.40492220823823	0.55113087940127	-0.839987335789203	-0.728700458841645	0.229083720986653	0.794511783389873	-0.125947852211456	0.996102642110277
C:	-0.322452744778259	-0.541107496853601	-0.370530934504789	-1.13794422711735	0.801793023453284	-0.258885242887979	0.00478707919541382	-0.768290557344587	-0.404211849014656	0.724823778646747	0.58210102248983	1.55169281143638	2.25520679889952	2.51229421588	-0.996568574639751	-0.466723447420896	-0.770212029940899	0.457808094959993	-0.139550611696609	0.00459444980311416	0.189773496675333	0.451133442984727
G:	-1.10975962634922	0.00475740721692985	0.474796616074741	-0.590663132550647	-1.32342206938016	-0.0670916402387542	-0.291145998564393	0.486470140223644	1.20467506724955	-2.06027311612743	-2.69559887915683	-3.98099481378384	-3.79572120592862	-3.49866476372551	-1.01336827651568	-0.415199510996178	0.207713946782741	0.0013816892247189	-0.16544660149598	-0.0778095087745172	-0.307461839269931	-0.419935059105428
T:	0.554073730464051	0.633210900573363	0.856642144459708	1.8804444926118	0.936893679419771	1.24868480113066	0.449345446719054	-0.150914216621258	0.765202520803072	3.06250160577831	2.30624580061407	1.68898412041047	2.16009119357916	0.352519664679619	-0.338687119498595	0.311160147701898	1.33640232848282	0.274956155719061	0.0822351818926445	-0.733580485230561	0.226060247559023	-1.01775704737354

Probability matrix

A:	0.0732676963218928	0.254162346462686	0.498998842938664	0.199195097904307	0.237927805642131	0.499473144077388	0.284925066587696	0.133109590063207	0.673220521693082	0.370894513621367	0.0611018145098537	0.00840357194117448	0.0374627876309711	0.0154413518532422	0.0129753877456264	0.130433455196975	0.417223518314513	0.464319075445827	0.19655538480853	0.0979907268620244	0.275363121259331	0.0697471921701811
C:	0.256449949179628	0.394963719696283	0.290850785891137	0.492076097332187	0.0743606467518436	0.244526271944309	0.239516971915524	0.475138163196389	0.216315847383959	0.0363688112466456	0.0339037582365519	0.003893282220322	0.00225626434938799	0.00235797885755913	0.389375858961293	0.360942079791047	0.389104049578507	0.141749784835561	0.284171685185499	0.215894569406611	0.200812034483278	0.120282887388745
G:	0.563541172931544	0.228818475942431	0.12489617870445	0.284676167353004	0.622748006632633	0.201850868947791	0.322001870987577	0.135482832389326	0.0432870138859568	0.589225208667639	0.898948522802643	0.984309308459754	0.957799540100955	0.961758919107135	0.395972513073689	0.342815898925318	0.146338262853373	0.223741156069421	0.291626703173194	0.234438699070899	0.330169003324558	0.28741146514273
T:	0.106741181566935	0.1220554578986	0.0852541924657488	0.024052637410501	0.0649635409733917	0.0541497150305118	0.153556090509203	0.256269414351078	0.0671766170370017	0.00351146646434792	0.00604590445095165	0.00339383737874922	0.00248140791868636	0.0204417501820639	0.201676240219392	0.165808566086661	0.0473341692536075	0.170189983649191	0.227646226832777	0.451676004660465	0.193655840932833	0.522558455298343



3	A.CAAGGGG	0.486545427663192

Enrichment score matrix

A:	-0.0802469135802469	0.0339159384103204	-0.0625726462611391	-0.0326086956521739	0.0259528130671506	-0.0417729591836735	0.0132561132561133	0.0678132678132678	-0.0107485107485107	-0.0938149688149688	0.10897594842549	0.167803726056153	-0.182539682539683	-0.197558268590455	0.0686274509803922	-0.138822115384615	-0.261111111111111	-0.0284327323162275	-0.0388235294117647	-0.0504557291666667	-0.0739583333333333	-0.0802785923753666	-0.00160384923817161
C:	0.0729895104895105	-0.0732558139534884	-0.0480163144234334	0.00869565217391304	-0.0448369565217391	-0.0130739795918367	-0.0102201257861635	-0.0302802802802803	-0.0622727272727273	0.107848232848233	0.0866151866151866	-0.0243537414965986	-0.0854952830188679	-0.160436137071651	-0.251752336448598	-0.233774038461538	0.108201058201058	-0.0248868778280543	0.0382538253825383	0.0289713541666667	0.0728260869565217	0.0367816091954023	-0.0431372549019608
G:	-0.00524679362611737	0.121086008719778	0.0988636363636364	0.0785182559376108	-0.00169836956521739	0.0919117647058824	0.0996732026143791	-0.0118300338000966	0.0519005847953216	-0.0467289719626168	-0.141018907563025	0.139455782312925	0.384131656408884	0.429414851744949	0.392421833598304	0.3995358995359	0.110025062656642	0.0381787330316742	0.0514705882352941	0.0048828125	-0.0434782608695652	-0.0160919540229885	-0.00462962962962963
T:	0.0138888888888889	-0.0767441860465116	0.0119047619047619	-0.0551222970577809	0.0227193895248006	-0.0408163265306122	-0.101068090787717	-0.0265265265265265	0.0229357798165138	0.0325476992143659	-0.0563679245283019	-0.300906258850184	-0.139705882352941	-0.0956196581196581	-0.233009708737864	-0.0632248939179632	0.0367724867724868	0.0153952843273232	-0.0511551155115512	0.0166015625	0.0478260869565217	0.0617977528089888	0.0501202886928629

Energy matrix for enoLOGOS

PO	1	2	3	4	5	6	7	8	9	10	11	12	13	14	15	16	17	18	19	20	21	22	23
A:	0.739101387874632	-0.312377336794032	0.576315370040354	0.300337186042702	-0.239034241958729	0.384743172426301	-0.122093315098269	-0.624583278296174	0.0989974424856285	0.864067794772194	-1.00370557735768	-1.54552943266302	1.68125260758295	1.81957889701638	-0.632082182390522	1.27859893385006	2.40492220823823	0.261875142337742	0.357577920323781	0.464714439341246	0.681181423344072	0.739393160360258	0.0147719973888952
C:	-0.672258235192318	0.67471098073779	0.442246599247651	-0.0800899162780538	0.412963630808715	0.120415802057087	0.0941308371349767	0.27889168794022	0.573553014073062	-0.993318933048367	-0.797755350108104	0.224306248514794	0.787440656802209	1.47767143039493	2.31872470813185	2.15313846436222	-0.996568574639751	0.229216615592167	-0.352330752303319	-0.26683603291207	-0.6707530488287	-0.338771140118664	0.397308800359757
G:	0.0483247551580562	-1.11524335459323	-0.910567741320373	-0.723179862599335	0.0156425617730574	-0.846538637130164	-0.918024122043378	0.108958637910872	-0.478022051469524	0.430389737008233	1.29883213753971	-1.28443522194226	-3.53798330317683	-3.95505694535267	-3.61433865683538	-3.67986162554932	-1.01336827651568	-0.35163912619253	-0.474061636792892	-0.04497236509754	0.400449581390269	0.148212373801916	0.0426404646850749
T:	-0.127921394055225	0.706840075058637	-0.109646909190193	0.507695117987344	-0.209253310566923	0.375932260080661	0.930871516900664	0.244318338195564	-0.211246338806793	-0.299775388089012	0.519167770967525	2.77144906406817	1.28673872843785	0.880689597534047	2.14609872745076	0.582322792966528	-0.338687119498595	-0.141795808777997	0.471156025629145	-0.152906041331636	-0.440494539529296	-0.569178337594034	-0.461624918402976

Probability matrix

A:	0.105522991778849	0.252177175017233	0.116925692390468	0.165054541520014	0.306107239531124	0.148433534162628	0.228782710467264	0.433881569591583	0.209791291415666	0.0822902351258711	0.469051363573339	0.511794439950321	0.00527089710972073	0.00305817959408073	0.0479691290320402	0.00685881538121122	0.0129753877456264	0.185962806086389	0.160680724954296	0.151570724735764	0.108003159209675	0.105861756242341	0.234471696322074
C:	0.432805520944646	0.093976391681644	0.133701191532009	0.241459818509723	0.159483046298118	0.193342774445931	0.18429699106937	0.175791151197632	0.130524064822406	0.527231208806826	0.381748514352268	0.0871898023695695	0.0128843388140518	0.00430478546044179	0.00250866507318714	0.00286049650056024	0.389375858961293	0.192136337885616	0.326793343449641	0.315009506649709	0.417420852225156	0.311157233074331	0.159939893598391
G:	0.210546281474379	0.562841428385049	0.517195908819688	0.459341077612878	0.237284227043154	0.508476543801984	0.507097603783179	0.208352154696145	0.373580189906863	0.126967418799709	0.0469073586860623	0.394188353340538	0.97402453023751	0.98481684272776	0.946540854311898	0.976520068212829	0.395972513073689	0.34345666790949	0.369096777162377	0.25233035219075	0.143006819880056	0.19119901388259	0.228027540954298
T:	0.251125205802126	0.0910050049160742	0.232177207257836	0.134144562357384	0.297125487127605	0.149747147589457	0.0798226946801864	0.18197512451464	0.286104453855065	0.263511137267593	0.10229276338833	0.00682740433957154	0.00782023383871793	0.00782019221771746	0.00298135158287458	0.0137606199053996	0.201676240219392	0.278444188118505	0.143429154433685	0.281089416423777	0.331569168685114	0.391781996800738	0.377560869125236



