1	AGGGGGGG	0.495882725205676

Enrichment score matrix

A:	0.108374384236453	0.121530382595649	0.00974462365591398	0.0159505208333333	0.036883991429446	-0.00485436893203883	0.048834628190899	0.22724039829303	0.162330316742081	0.0566037735849057	0.122314622314622	-0.0105438401775805	-0.156428943258719	-0.0609625668449198	0.018833191730388	0.0337995337995338	0.0503125	0.00748697916666667	-0.0490808185917447	-0.0615079365079365	-0.0180722891566265	0.015609756097561
C:	0.0226890756302521	0.0111111111111111	-0.0387783115991764	0.0559895833333333	-0.0366146458583433	-0.00885714285714286	0.178412874583796	-0.0527927927927928	-0.0252525252525253	-0.145342312008979	-0.267041377660847	-0.242585034013605	-0.120918367346939	-0.065843621399177	0.00776914539400666	-0.0414565826330532	-0.0777310924369748	-0.0289713541666667	-0.0769503546099291	-0.0370011623401782	-0.0128540305010893	-0.0309847198641766
G:	-0.00344530577088717	-0.0474137931034483	0.051747311827957	0.0250651041666667	0.026875	0.016	-0.17156462585034	0.136585365853659	0.206842105263158	0.374808380173735	0.394971804511278	0.421052631578947	0.313858039594399	0.173783515392254	0.0768833849329205	-0.0492299229922992	-0.00719314355677992	0.0546875	0.0923913043478261	0.0185606060606061	0.0552845528455285	0.0902777777777778
T:	-0.127257799671593	-0.0954732510288066	-0.0245614035087719	-0.0970052083333333	-0.0258647076828895	-0.00267379679144385	-0.049462083442666	-0.219480519480519	-0.313037447988904	-0.307952182952183	-0.266569200779727	-0.18645948945616	-0.0391164289001381	-0.0555555555555556	-0.106802721088435	0.0614801864801865	0.0371900826446281	-0.033203125	0.0300034686090878	0.0747126436781609	-0.028175313059034	-0.0773092369477912

Energy matrix for enoLOGOS

PO	1	2	3	4	5	6	7	8	9	10	11	12	13	14	15	16	17	18	19	20	21	22
A:	-0.998164966421064	-1.11933618924242	-0.0897513006677787	-0.146909725985297	-0.33971411534225	0.0447103901552242	-0.449783547577083	-2.09296141454224	-1.49511746988527	-0.521340021055256	-1.12655930398738	0.0971123568632339	1.44076381144136	0.561485990591061	-0.173460106127561	-0.31130521070782	-0.463395249965052	-0.0689576264828946	0.452051044965186	0.566509030815995	0.166451934433305	-0.143771166782067
C:	-0.208974109280132	-0.10233711524418	0.357161448878967	-0.515683119785125	0.33723335095471	0.0815773004375033	-1.64324330165946	0.486239590808833	0.232584352827681	1.33865216405266	2.45954198165784	2.23429073241273	1.11369932048896	0.606442164409955	-0.0715564734781723	0.381829236709377	0.715929818830082	0.26683603291207	0.708738957701713	0.340793299311788	0.118389996066796	0.285379816279398
G:	0.0317324388354046	0.436697172809216	-0.476610355270273	-0.230858140834038	-0.24752789749686	-0.147365445951619	1.58016859987238	-1.25799770934309	-1.90508619272981	-3.45211275566915	-3.63782475688251	-3.87803805135839	-2.89073937314559	-1.60060532780122	-0.708122144181863	0.453424347245252	0.0662513005024305	-0.503690489092448	-0.850955360454321	-0.170949499328346	-0.509189549019821	-0.831489061358961
T:	1.17208764996413	0.879341138394434	0.22621888632924	0.89345098660446	0.23822276138108	0.0246265785346957	0.455562624014041	2.02149028943373	2.8831814451526	2.83634442328269	2.45519307186695	1.71735536347614	0.360275624306477	0.511685576220899	0.983689413877728	-0.566253443615086	-0.342533319618949	0.305812082663272	-0.276342158229601	-0.688128878366037	0.259504223360689	0.712044386186914

Probability matrix

A:	0.519371374309562	0.585423761931453	0.260346844016916	0.257277088744319	0.33544036464148	0.238330523865483	0.20685872923751	0.655282361168522	0.370781024109728	0.0501690767917747	0.0747605181899704	0.0183237557706502	0.0122862893547382	0.0854964547497009	0.254818041727062	0.307138420915123	0.359394779695678	0.253371837773633	0.132877946050126	0.127381990148613	0.203017869882161	0.245992235104875
C:	0.235904798528141	0.211735295920442	0.166517766246367	0.372012354302201	0.170459328137506	0.229704007381637	0.682318015064633	0.0496930569002229	0.0658849364955814	0.00781001318148135	0.0020713252675675	0.00216197027872093	0.0170397431000426	0.0817379776312853	0.230130397966139	0.153571165888689	0.110508935329066	0.181102734628862	0.102795655995035	0.159637576660564	0.213013584891747	0.160156103705582
G:	0.185438219759576	0.123507588844543	0.383321403944298	0.279807561145679	0.305899914627582	0.288799969695523	0.0271691990928897	0.284320613816967	0.55868196725488	0.940274234307561	0.921087803652229	0.975888907616336	0.934477115999236	0.742903552854768	0.434941598890568	0.142960586083689	0.21161633588363	0.391345572538942	0.489036639184963	0.266306765666202	0.398989654346176	0.489320583865798
T:	0.0592856074027199	0.0793333533035621	0.189813985792419	0.0909029958078015	0.188200392593432	0.243165499057357	0.0836540566049675	0.0107039681142884	0.00465207213981084	0.00174667571918312	0.00208035289023375	0.0036253663342925	0.0361968515459835	0.0898620147642461	0.080109961416231	0.396329827112498	0.318479949091626	0.174179855058563	0.275289758769876	0.446673667524621	0.184978890879917	0.104531077323745



2	CAGGGGGG	0.495723043292306

Enrichment score matrix

A:	0.037569573283859	0.108374384236453	0.121530382595649	0.00974462365591398	0.0159505208333333	0.036883991429446	-0.00485436893203883	0.048834628190899	0.355670103092784	0.153634085213033	-0.0244282744282744	0.0466307277628032	0.0854395604395604	-0.232363315696649	-0.0794392523364486	0.018833191730388	0.0337995337995338	0.0503125	0.00748697916666667	-0.0490808185917447	-0.0615079365079365	-0.0180722891566265
C:	-0.078	0.0226890756302521	0.0111111111111111	-0.0387783115991764	0.0559895833333333	-0.0366146458583433	-0.00885714285714286	0.178412874583796	-0.159722222222222	-0.0929824561403509	-0.166666666666667	-0.250841750841751	-0.315580286168521	-0.00938133874239351	-0.0282969885773624	0.00776914539400666	-0.0414565826330532	-0.0777310924369748	-0.0289713541666667	-0.0769503546099291	-0.0370011623401782	-0.0128540305010893
G:	-0.0642648490749757	-0.00344530577088717	-0.0474137931034483	0.051747311827957	0.0250651041666667	0.026875	0.016	-0.17156462585034	0.0537665324899367	0.28656233135456	0.468938977460143	0.469488730071468	0.462745098039216	0.310851926977688	0.191581219643821	0.0768833849329205	-0.0492299229922992	-0.00719314355677992	0.0546875	0.0923913043478261	0.0185606060606061	0.0552845528455285
T:	0.100778967867575	-0.127257799671593	-0.0954732510288066	-0.0245614035087719	-0.0970052083333333	-0.0258647076828895	-0.00267379679144385	-0.049462083442666	-0.267251461988304	-0.359228650137741	-0.254177897574124	-0.248114630467572	-0.205322128851541	-0.0306818181818182	-0.0752167261601224	-0.106802721088435	0.0614801864801865	0.0371900826446281	-0.033203125	0.0300034686090878	0.0747126436781609	-0.028175313059034

Energy matrix for enoLOGOS

PO	1	2	3	4	5	6	7	8	9	10	11	12	13	14	15	16	17	18	19	20	21	22
A:	-0.346028557574244	-0.998164966421064	-1.11933618924242	-0.0897513006677787	-0.146909725985297	-0.33971411534225	0.0447103901552242	-0.449783547577083	-3.2758427096204	-1.41502221754922	0.224992722184449	-0.429484874488377	-0.786927432880383	2.14014522752709	0.731662552913996	-0.173460106127561	-0.31130521070782	-0.463395249965052	-0.0689576264828946	0.452051044965186	0.566509030815995	0.166451934433305
C:	0.718406549014142	-0.208974109280132	-0.10233711524418	0.357161448878967	-0.515683119785125	0.33723335095471	0.0815773004375033	-1.64324330165946	1.47109603163508	0.856400069674979	1.5350567286627	2.31033790475497	2.90660185029773	0.0864053229622512	0.26062489629943	-0.0715564734781723	0.381829236709377	0.715929818830082	0.26683603291207	0.708738957701713	0.340793299311788	0.118389996066796
G:	0.591901133934205	0.0317324388354046	0.436697172809216	-0.476610355270273	-0.230858140834038	-0.24752789749686	-0.147365445951619	1.58016859987238	-0.495208064853234	-2.63933660956252	-4.31908759609438	-4.32415100476507	-4.26203985840467	-2.86305205274919	-1.76452824179792	-0.708122144181863	0.453424347245252	0.0662513005024305	-0.503690489092448	-0.850955360454321	-0.170949499328346	-0.509189549019821
T:	-0.928208596396821	1.17208764996413	0.879341138394434	0.22621888632924	0.89345098660446	0.23822276138108	0.0246265785346957	0.455562624014041	2.46147692982054	3.30861813913414	2.34106495169098	2.28522019787343	1.89108669262144	0.282589988685633	0.692771649600452	0.983689413877728	-0.566253443615086	-0.342533319618949	0.305812082663272	-0.276342158229601	-0.688128878366037	0.259504223360689

Probability matrix

A:	0.283583652974707	0.519371374309562	0.585423761931453	0.260346844016916	0.257277088744319	0.33544036464148	0.238330523865483	0.20685872923751	0.931184735775075	0.221538844436223	0.0104751336037542	0.0198924017376935	0.0299445636481103	0.00609408678429415	0.0633814418847889	0.254818041727062	0.307138420915123	0.359394779695678	0.253371837773633	0.132877946050126	0.127381990148613	0.203017869882161
C:	0.0978144234568177	0.235904798528141	0.211735295920442	0.166517766246367	0.372012354302201	0.170459328137506	0.229704007381637	0.682318015064633	0.00808102679940343	0.0228551313027408	0.00282622023740854	0.00128468693375859	0.000745141243973795	0.0475156355318497	0.101515222281878	0.230130397966139	0.153571165888689	0.110508935329066	0.181102734628862	0.102795655995035	0.159637576660564	0.213013584891747
G:	0.111005245877726	0.185438219759576	0.123507588844543	0.383321403944298	0.279807561145679	0.305899914627582	0.288799969695523	0.0271691990928897	0.0577326597406001	0.753638142753285	0.985436350530202	0.977505547336543	0.967253120136869	0.907339056026155	0.769208372664636	0.434941598890568	0.142960586083689	0.21161633588363	0.391345572538942	0.489036639184963	0.266306765666202	0.398989654346176
T:	0.507596677690749	0.0592856074027199	0.0793333533035621	0.189813985792419	0.0909029958078015	0.188200392593432	0.243165499057357	0.0836540566049675	0.00300157768492188	0.00196788150775152	0.00126229562863573	0.00131736399200458	0.0020571749710472	0.0390512216577015	0.0658949631686974	0.080109961416231	0.396329827112498	0.318479949091626	0.174179855058563	0.275289758769876	0.446673667524621	0.184978890879917



3	A.CCCCCCT	0.49404818475575

Enrichment score matrix

A:	-0.15679012345679	-0.0773092369477912	-0.028175313059034	0.0747126436781609	0.0300034686090878	-0.033203125	0.0371900826446281	0.0614801864801865	-0.106802721088435	-0.0660731021555764	0.0203334175296792	-0.19671201814059	-0.160790598290598	-0.251618122977346	-0.297657952069717	-0.342359767891683	-0.049462083442666	-0.00267379679144385	-0.0258647076828895	-0.0970052083333333	-0.0245614035087719	-0.0954732510288066	-0.127257799671593
C:	0.104247104247104	0.0902777777777778	0.0552845528455285	0.0185606060606061	0.0923913043478261	0.0546875	-0.00719314355677992	-0.0492299229922992	0.0768833849329205	0.213839425179631	0.329374829374829	0.454995499549955	0.457235910506939	0.420240137221269	0.291630591630592	0.151973684210526	-0.17156462585034	0.016	0.026875	0.0250651041666667	0.051747311827957	-0.0474137931034483	-0.00344530577088717
G:	-0.0313765182186235	-0.0309847198641766	-0.0128540305010893	-0.0370011623401782	-0.0769503546099291	-0.0289713541666667	-0.0777310924369748	-0.0414565826330532	0.00776914539400666	-0.00924744897959184	-0.12037037037037	-0.234773477347735	-0.296190476190476	-0.216123499142367	-0.0443899782135076	-0.0322981366459627	0.178412874583796	-0.00885714285714286	-0.0366146458583433	0.0559895833333333	-0.0387783115991764	0.0111111111111111	0.0226890756302521
T:	0.0961199294532628	0.015609756097561	-0.0180722891566265	-0.0615079365079365	-0.0490808185917447	0.00748697916666667	0.0503125	0.0337995337995338	0.018833191730388	-0.141581632653061	-0.203326713008937	-0.0122549019607843	0.0202991452991453	0.0580286168521463	0.0680998613037448	0.273372018052869	0.048834628190899	-0.00485436893203883	0.036883991429446	0.0159505208333333	0.00974462365591398	0.121530382595649	0.108374384236453

Energy matrix for enoLOGOS

PO	1	2	3	4	5	6	7	8	9	10	11	12	13	14	15	16	17	18	19	20	21	22	23
A:	1.4440904040012	0.712044386186914	0.259504223360689	-0.688128878366037	-0.276342158229601	0.305812082663272	-0.342533319618949	-0.566253443615086	0.983689413877728	0.608555760285212	-0.187277696373853	1.81178464233318	1.4809361388701	2.31748855637912	2.74153105298746	3.15324999195316	0.455562624014041	0.0246265785346957	0.23822276138108	0.89345098660446	0.22621888632924	0.879341138394434	1.17208764996413
C:	-0.960151312908714	-0.831489061358961	-0.509189549019821	-0.170949499328346	-0.850955360454321	-0.503690489092448	0.0662513005024305	0.453424347245252	-0.708122144181863	-1.96953389085214	-3.03365428850376	-4.19066341857242	-4.21129836605935	-3.87055470177387	-2.68601701179854	-1.39972935916217	1.58016859987238	-0.147365445951619	-0.24752789749686	-0.230858140834038	-0.476610355270273	0.436697172809216	0.0317324388354046
G:	0.288988412481034	0.285379816279398	0.118389996066796	0.340793299311788	0.708738957701713	0.26683603291207	0.715929818830082	0.381829236709377	-0.0715564734781723	0.0851721526745247	1.10865208181195	2.16234363668508	2.72801510065199	1.9905709894837	0.408846808451013	0.297476831889914	-1.64324330165946	0.0815773004375033	0.33723335095471	-0.515683119785125	0.357161448878967	-0.10233711524418	-0.208974109280132
T:	-0.885297266794889	-0.143771166782067	0.166451934433305	0.566509030815995	0.452051044965186	-0.0689576264828946	-0.463395249965052	-0.31130521070782	-0.173460106127561	1.30401502715479	1.87270823352743	0.112871818284022	-0.186962037465329	-0.53446331252326	-0.627222901891859	-2.51784933444094	-0.449783547577083	0.0447103901552242	-0.33971411534225	-0.146909725985297	-0.0897513006677787	-1.11933618924242	-0.998164966421064

Probability matrix

A:	0.0391910496844189	0.104531077323745	0.184978890879917	0.446673667524621	0.275289758769876	0.174179855058563	0.318479949091626	0.396329827112498	0.080109961416231	0.0611302058457411	0.0536873733947765	0.00242960277363537	0.00329876347048508	0.00197394122768386	0.00373220103421313	0.00247735573080149	0.0836540566049675	0.243165499057357	0.188200392593432	0.0909029958078015	0.189813985792419	0.0793333533035621	0.0592856074027199
C:	0.433846208610002	0.489320583865798	0.398989654346176	0.266306765666202	0.489036639184963	0.391345572538942	0.21161633588363	0.142960586083689	0.434941598890568	0.805204081368421	0.924778670441807	0.982574175175958	0.978266567956376	0.961097081799213	0.849413587221087	0.235137654122658	0.0271691990928897	0.288799969695523	0.305899914627582	0.279807561145679	0.383321403944298	0.123507588844543	0.185438219759576
G:	0.124405997165572	0.160156103705582	0.213013584891747	0.159637576660564	0.102795655995035	0.181102734628862	0.110508935329066	0.153571165888689	0.230130397966139	0.10317119738532	0.0146911910133227	0.00171115534375984	0.000947876300976551	0.00273723896201314	0.038462448195316	0.0430759533210535	0.682318015064633	0.229704007381637	0.170459328137506	0.372012354302201	0.166517766246367	0.211735295920442	0.235904798528141
T:	0.402556744540008	0.245992235104875	0.203017869882161	0.127381990148613	0.132877946050126	0.253371837773633	0.359394779695678	0.307138420915123	0.254818041727062	0.0304945154005173	0.00684276515009368	0.0132850667066472	0.0174867922721628	0.03419173801109	0.108391763549384	0.719309036825487	0.20685872923751	0.238330523865483	0.33544036464148	0.257277088744319	0.260346844016916	0.585423761931453	0.519371374309562



