1	A.CCCCCCT	0.491286114807071

Enrichment score matrix

A:	-0.149382716049383	-0.0958835341365462	-0.0612701252236136	0.07137560252132	0.0206382240721471	-0.0462239583333333	0.00137741046831956	0.111013986013986	-0.1	-0.084192439862543	-0.050896691083607	-0.213718820861678	-0.231570512820513	-0.283980582524272	-0.269063180827887	-0.289813023855577	-0.000131199160325374	-0.0133689839572193	-0.0558616467707377	-0.0813802083333333	-0.0287719298245614	-0.0621399176954733	-0.0931855500821018
C:	0.0588803088803089	0.0685185185185185	-0.00691056910569106	0.0257575757575758	0.101222826086957	0.0693359375	-0.0228037955310683	-0.0825082508250825	-0.0152218782249742	0.192283661355826	0.35967785967786	0.443594359435944	0.455819881053526	0.401372212692967	0.271717171717172	0.0973684210526316	-0.101904761904762	0.0474285714285714	0.0421875	0.0400390625	0.0816532258064516	-0.0101880877742947	0.024978466838932
G:	-0.00759109311740891	-0.0224957555178268	0.0760348583877996	-0.0288647810925998	-0.101418439716312	-0.0029296875	-0.0273109243697479	-0.0280112044817927	0.0424528301886792	-0.0478316326530612	-0.0997942386831276	-0.243474347434743	-0.28421768707483	-0.191252144082333	-0.0413943355119826	-0.0456521739130435	0.0912874583795782	-0.0342857142857143	0.0306122448979592	0.0696614583333333	-0.0229924502402196	-0.057088122605364	-0.0142857142857143
T:	0.11493239271017	0.0468292682926829	-0.0085168259243872	-0.0738095238095238	-0.024800554977454	-0.0201822916666667	0.0503125	0.00553613053613054	0.0774568111016709	-0.0625	-0.180734856007944	0.0266544117647059	0.0806623931623932	0.0842607313195548	0.0578363384188627	0.275950999355255	0.0127635960044395	-0.000303398058252427	-0.0166819712274258	-0.0283203125	-0.0315860215053763	0.122280570142536	0.0833333333333333

Energy matrix for enoLOGOS

PO	1	2	3	4	5	6	7	8	9	10	11	12	13	14	15	16	17	18	19	20	21	22	23
A:	1.37586566050508	0.883119985465588	0.564318707943085	-0.657393593476238	-0.190085068377587	0.425738389590045	-0.0126864192451463	-1.02247659723861	0.921034037197618	0.775441027881156	0.468775848687346	1.96842308403346	2.13284324319	2.61555782408062	2.47816347699141	2.66927659394152	0.00120838892311417	0.123132892673478	0.514504780497598	0.749539418292333	0.264999266842824	0.572329792661895	0.858270634005991
C:	-0.542307685994737	-0.631078877339109	0.0636486936274777	-0.237236039884235	-0.93229668167422	-0.638607584385067	0.210030718614088	0.759929073595395	0.140198679552785	-1.77099796905696	-3.31275551189698	-4.08565503749379	-4.19825625281667	-3.69677469475545	-2.50260763642585	-0.896796299376628	0.938577542668049	-0.436833286213728	-0.388561234442745	-0.368773393799828	-0.752054002147249	0.0938357561408232	-0.230060181556683
G:	0.0699165514067018	0.207193565243946	-0.700306925886642	0.265854458625426	0.934098349781982	0.026983419058524	0.251542909318677	0.257992727506336	-0.391005015791442	0.440545617282024	0.919138905433837	2.24248161171877	2.617741637695	1.76149734386852	0.38125591953714	0.420472060459782	-0.840788563368525	0.315783098467755	-0.281949195060495	-0.641605742058237	0.211768292698148	0.52580104039251	0.131576291028231
T:	-1.0585664566263	-0.431313500346202	0.0784428656524769	0.679810836979195	0.22842155275626	0.185885775736499	-0.463395249965052	-0.0509896465814532	-0.713403594374253	0.575646273248511	1.66462954091327	-0.245496204767748	-0.742928096243805	-0.776070015444734	-0.532692362706528	-2.54160263004888	-0.117557063571283	0.00279439938470151	0.153646633080105	0.260839717565732	0.290918009061076	-1.12624567189206	-0.767528364331349

Probability matrix

A:	0.0436508929494221	0.0890133281495627	0.127923188267429	0.431639384659089	0.244886614640255	0.150150766366747	0.241688169093084	0.548047437356869	0.0831697107486571	0.0610481042603397	0.0218230859129828	0.00228959771951832	0.00172078896693391	0.00171117757316907	0.00571323030791654	0.00436473660937512	0.206664521413266	0.212618378509835	0.140461691202297	0.10299368646885	0.172588690386542	0.109559915612495	0.0899278607422134
C:	0.297197554875525	0.404634817765233	0.211051041369476	0.283562605170539	0.514402955960496	0.435278420032837	0.193433000125046	0.0921996354718671	0.181584041605971	0.779070190201395	0.957666653806404	0.975016364860494	0.966694367921444	0.943422567131308	0.831769787904131	0.154412985849094	0.0809415796296166	0.372212559458875	0.346540885054222	0.315128503111601	0.477213758006849	0.176790534464845	0.267024020072821
G:	0.161123773351478	0.174987148350762	0.453074071771995	0.171458701461865	0.0795679909214744	0.223719910288765	0.185567557890001	0.152306132189816	0.308870557397009	0.0853326850256584	0.0139099629106517	0.00174075270038616	0.00105959259812529	0.00401984061165798	0.0465111537462003	0.0413619915012423	0.479667790589888	0.175361350109216	0.311496706977678	0.413978007437472	0.18202466969324	0.114778057220739	0.185991717767203
T:	0.498027778823574	0.331364705734443	0.207951698591099	0.113339308708507	0.161142438477775	0.190850903311651	0.379311272891869	0.207446794981448	0.426375690248363	0.0745490205126067	0.00660029736996167	0.0209532847196017	0.030525250513497	0.0508464146838648	0.116005828041752	0.799860286040289	0.232726108367229	0.239807711922074	0.201500716765803	0.167899802982077	0.168172881913369	0.598871492701921	0.457056401417762



2	AGGGGGG..A	0.489471464550466

Enrichment score matrix

A:	0.0833333333333333	0.122280570142536	-0.0315860215053763	-0.0283203125	-0.0166819712274258	-0.000303398058252427	0.0127635960044395	0.25	0.226102941176471	0.0454545454545455	0.0362448009506833	0.104381443298969	-0.189812007277138	-0.162219526986052	0.0774568111016709	0.00553613053613054	0.0503125	-0.0201822916666667	-0.024800554977454	-0.0738095238095238	-0.0085168259243872	0.0468292682926829	0.11493239271017
C:	-0.0142857142857143	-0.057088122605364	-0.0229924502402196	0.0696614583333333	0.0306122448979592	-0.0342857142857143	0.0912874583795782	-0.0175896900034831	-0.0657606997813183	-0.162424242424242	-0.238265002970885	-0.281572164948454	-0.106376262626263	0.0132962275819419	0.0424528301886792	-0.0280112044817927	-0.0273109243697479	-0.0029296875	-0.101418439716312	-0.0288647810925998	0.0760348583877996	-0.0224957555178268	-0.00759109311740891
G:	0.024978466838932	-0.0101880877742947	0.0816532258064516	0.0400390625	0.0421875	0.0474285714285714	-0.101904761904762	0.11576354679803	0.206951530612245	0.405321782178218	0.436571782178218	0.411726804123711	0.329861111111111	0.122474747474747	-0.0152218782249742	-0.0825082508250825	-0.0228037955310683	0.0693359375	0.101222826086957	0.0257575757575758	-0.00691056910569106	0.0685185185185185	0.0588803088803089
T:	-0.0931855500821018	-0.0621399176954733	-0.0287719298245614	-0.0813802083333333	-0.0558616467707377	-0.0133689839572193	-0.000131199160325374	-0.312260536398467	-0.360668541080912	-0.255727376861397	-0.221515151515152	-0.237770897832817	-0.0253555967841682	0.0328282828282828	-0.1	0.111013986013986	0.00137741046831956	-0.0462239583333333	0.0206382240721471	0.07137560252132	-0.0612701252236136	-0.0958835341365462	-0.149382716049383

Energy matrix for enoLOGOS

PO	1	2	3	4	5	6	7	8	9	10	11	12	13	14	15	16	17	18	19	20	21	22	23
A:	-0.767528364331349	-1.12624567189206	0.290918009061076	0.260839717565732	0.153646633080105	0.00279439938470151	-0.117557063571283	-2.30258509299405	-2.0824850473402	-0.418651835089827	-0.333826953470319	-0.961388621301638	1.74823319371046	1.49409705852252	-0.713403594374253	-0.0509896465814532	-0.463395249965052	0.185885775736499	0.22842155275626	0.679810836979195	0.0784428656524769	-0.431313500346202	-1.0585664566263
C:	0.131576291028231	0.52580104039251	0.211768292698148	-0.641605742058237	-0.281949195060495	0.315783098467755	-0.840788563368525	0.162007031969626	0.605678428085282	1.49598255738765	2.19450177609177	2.59337547844948	0.979761586286608	-0.122462781692942	-0.391005015791442	0.257992727506336	0.251542909318677	0.026983419058524	0.934098349781982	0.265854458625426	-0.700306925886642	0.207193565243946	0.0699165514067018
G:	-0.230060181556683	0.0938357561408232	-0.752054002147249	-0.368773393799828	-0.388561234442745	-0.436833286213728	0.938577542668049	-1.06622166867705	-1.90609403744022	-3.73315157403738	-4.02097471066163	-3.79214400624535	-3.03813310881159	-1.12803411121425	0.140198679552785	0.759929073595395	0.210030718614088	-0.638607584385067	-0.93229668167422	-0.237236039884235	0.0636486936274777	-0.631078877339109	-0.542307685994737
T:	0.858270634005991	0.572329792661895	0.264999266842824	0.749539418292333	0.514504780497598	0.123132892673478	0.00120838892311417	2.87602582496574	3.32188002481928	2.3553361833261	2.04022994300442	2.18995089959062	0.233533676716774	-0.302359658675986	0.921034037197618	-1.02247659723861	-0.0126864192451463	0.425738389590045	-0.190085068377587	-0.657393593476238	0.564318707943085	0.883119985465588	1.37586566050508

Probability matrix

A:	0.457056401417762	0.598871492701921	0.168172881913369	0.167899802982077	0.201500716765803	0.239807711922074	0.232726108367229	0.72405117168449	0.523342989986589	0.0348208360838371	0.0243287180104478	0.0554641971228477	0.00783886152482177	0.038716150028557	0.426375690248363	0.207446794981448	0.379311272891869	0.190850903311651	0.161142438477775	0.113339308708507	0.207951698591099	0.331364705734443	0.498027778823574
C:	0.185991717767203	0.114778057220739	0.18202466969324	0.413978007437472	0.311496706977678	0.175361350109216	0.479667790589888	0.0615758620584983	0.035590316281197	0.00513244191716672	0.00194124347477889	0.00158561701573181	0.0169042525012814	0.194964339328113	0.308870557397009	0.152306132189816	0.185567557890001	0.223719910288765	0.0795679909214744	0.171458701461865	0.453074071771995	0.174987148350762	0.161123773351478
G:	0.267024020072821	0.176790534464845	0.477213758006849	0.315128503111601	0.346540885054222	0.372212559458875	0.0809415796296166	0.210292337224978	0.438713268083543	0.957873462905541	0.971464980058271	0.940576608636441	0.939605318042419	0.532928887596342	0.181584041605971	0.0921996354718671	0.193433000125046	0.435278420032837	0.514402955960496	0.283562605170539	0.211051041369476	0.404634817765233	0.297197554875525
T:	0.0899278607422134	0.109559915612495	0.172588690386542	0.10299368646885	0.140461691202297	0.212618378509835	0.206664521413266	0.00408062903203384	0.00235342564867086	0.0021732590934548	0.00226505845650229	0.00237357722497934	0.0356515679314778	0.233390623046988	0.0831697107486571	0.548047437356869	0.241688169093084	0.150150766366747	0.244886614640255	0.431639384659089	0.127923188267429	0.0890133281495627	0.0436508929494221



3	CAAGGGGG	0.489321600184102

Enrichment score matrix

A:	-0.0610126582278481	0.0544425087108014	0.110077519379845	0.0344202898550725	0.03125	0.0988095238095238	-0.0159029649595687	-0.0200655200655201	0.181042884990253	0.183709273182957	-0.00925925925925926	-0.0718864468864469	0.138547638547639	-0.0200372786579683	-0.265343915343915	0.0253369272237197	0.0847902097902098	0.0923529411764706	0.00892857142857143	-0.0439453125	0.0133239831697055	-0.0983542319749216
C:	0.0266272189349112	0.00958333333333333	-0.00772889417360285	0.0865942028985507	-0.0487882653061225	0.0432432432432432	0.0356029106029106	0.0891261171797418	0.0294723294723295	-0.0839598997493734	-0.0894495412844037	-0.162068965517241	-0.304783950617284	-0.31487414187643	0.0283068783068783	0.0272237196765499	0.0451631701631702	-0.0797058823529412	0.0170259293970634	-0.043066178915863	-0.0728021978021978	-0.030564263322884
G:	0.094997594997595	0.000516528925619835	-0.0689922480620155	0.0358695652173913	0.131740196078431	-0.00757575757575758	0.0307861462341946	-0.0174311926605505	-0.149640466154228	0.224230976794387	0.379488440727988	0.46040987424313	0.447616683217478	0.420823798627002	0.231328320802005	0.0197910940076965	0.000275027502750275	-0.0376537653765377	-0.0276476101218369	-0.00688360450563204	0.0509904622157007	0.00268199233716475
T:	-0.0645956607495069	-0.0620833333333333	-0.0359966708281315	-0.150347222222222	-0.119579081632653	-0.130532212885154	-0.0512129380053908	-0.054369414101291	-0.0641414141414141	-0.338567493112948	-0.3060413354531	-0.230082417582418	-0.284288961859055	-0.0834070796460177	-0.00714285714285714	-0.0693866943866944	-0.125210084033613	0.0247524752475248	0.00191326530612245	0.0952776854007316	0.0122720897615708	0.126175548589342

Energy matrix for enoLOGOS

PO	1	2	3	4	5	6	7	8	9	10	11	12	13	14	15	16	17	18	19	20	21	22
A:	0.561947349277534	-0.501434035930759	-1.01385142079118	-0.317022585267296	-0.287823136624256	-0.910069346278599	0.146471720201238	0.184810269544158	-1.66746659268477	-1.69202493550339	0.0852809293701498	0.662098643956163	-1.27607090875728	0.184550156568022	2.44390777595029	-0.233361723710448	-0.7809466923791	-0.850602022588389	-0.0822351818926445	0.40475128587786	-0.122718420103469	0.905875953513331
C:	-0.245245749549662	-0.0882657618981051	0.0711857460378659	-0.797562082935619	0.449356529627665	-0.39828498905843	-0.327914924885846	-0.820881875258056	-0.27145018599518	0.773299254288727	0.823860721346494	1.49271033614786	2.80716392510077	2.90009802101584	-0.260715984074458	-0.25073972441229	-0.415968169480276	0.734118306119278	-0.156814604896189	0.396654166335522	0.670533021586178	0.28150726842247
G:	-0.874960184446992	-0.00475740721692985	0.635442087678977	-0.330370904646972	-1.21337204655323	0.0697753058483044	-0.283550885558365	0.160547217493163	1.37823962670162	-2.065243618217	-3.49521770633528	-4.24053165239798	-4.12270200860801	-3.87593042198265	-2.13061257226416	-0.182282712144663	-0.00253309691198465	0.346803995404444	0.254643899693812	0.0634003404829399	-0.469639512730994	-0.0247020623003193
T:	0.594948022055661	0.571808631426855	0.331541590585077	1.38474909064781	1.10136404320506	1.20224611017952	0.471688590478565	0.500760809697811	0.590764256182311	3.11832185045695	2.81874486741719	2.11913737954122	2.61839810271765	0.76820759297235	0.0657881455141156	0.639075072587745	1.15322749195332	-0.227978722078618	-0.017621824691281	-0.877539912394804	-0.113030123779511	-1.16211974912866

Probability matrix

A:	0.118809876164422	0.382848575631056	0.558499406393831	0.26227826407956	0.235239199280599	0.477155691102629	0.205478417602143	0.182233870264402	0.714449407131412	0.392845768984399	0.0267135265385064	0.0073361018991484	0.0547439879055408	0.016771150377007	0.00808310683769423	0.295362918000152	0.43518203918834	0.489352488790469	0.268178771099857	0.142452848273097	0.259239616454306	0.0751202104296552
C:	0.266325071242027	0.25327383953302	0.188710932924288	0.424089922648764	0.112552884934439	0.286019067121327	0.330209614965696	0.498190736354012	0.176884288127408	0.0333845393705745	0.0127635092165121	0.00319694585247215	0.000922592828402484	0.00110972507709228	0.120831869161432	0.300540593518875	0.302108402469846	0.100319765269277	0.288944098172777	0.143610988486968	0.117272624988787	0.140254456771342
G:	0.499911993482406	0.232982400971615	0.10733556484919	0.265802708488369	0.593567996219172	0.179109648892822	0.315880384021005	0.186709496760381	0.0339811502580751	0.570569949254676	0.958786751581044	0.987758190662154	0.943219150314282	0.972763265954473	0.783911911657581	0.280654905182196	0.19980678587491	0.147772960876666	0.191478347220639	0.200409345235695	0.36674760500651	0.1905029446555
T:	0.114953059111146	0.130895183864309	0.145454095832692	0.0478291047833058	0.0586399195657904	0.0577155928832213	0.148431583411156	0.132865896621204	0.0746851544831048	0.00319974239035084	0.00173621266393789	0.00170876158622552	0.00111426895177436	0.00935585859142731	0.0871731123432927	0.123441583298776	0.0629027724669049	0.262554785063588	0.251398783506727	0.513526818004239	0.256740153550397	0.594122388143503



