1	A..AAGGGGG	0.494986694544763

Enrichment score matrix

A:	0.027536231884058	-0.0848101265822785	-0.0670731707317073	0.0883720930232558	0.0297101449275362	0.104272959183673	0.124404761904762	0.0636118598382749	-0.0427245427245427	0.224431818181818	0.293170103092784	0.0950437317784256	-0.0993265993265993	0.095344387755102	0.0689338235294118	-0.273358585858586	-0.0439353099730458	0.139277389277389	0.0694117647058824	0.0373086734693878	-0.005859375	0.020687237026648	-0.0391849529780564
C:	-0.0866666666666667	0.00887573964497041	0.0279166666666667	0.00376535869996036	0.05	-0.136479591836735	0.00648648648648649	-0.0194906444906445	0.0878848063555114	0.139146567717996	-0.0984520123839009	-0.101307189542484	-0.229591836734694	-0.322066326530612	-0.356285628562856	-0.0191024863553669	-0.0199460916442049	0.0285547785547786	-0.0873529411764706	0.0167135270228054	-0.0443964083804456	-0.0360576923076923	-0.0054858934169279
G:	-0.0166666666666667	0.0998075998075998	0.0754132231404959	-0.0717054263565891	0.0742753623188406	0.0983455882352941	-0.0177738927738928	-0.0645959318306762	-0.145347313237221	-0.19854797979798	0.19854797979798	0.402846534653465	0.4784375	0.46077806122449	0.457107843137255	0.267361111111111	0.0104452996151732	-0.0624312431243124	-0.0526552655265527	-0.0582630427991253	-0.068523153942428	-0.00880410858400587	-0.00727969348659004
T:	0.0588235294117647	-0.0285996055226824	-0.0245833333333333	-0.0218476903870162	-0.147569444444444	-0.0701530612244898	-0.10672268907563	0.0199460916442049	0.0886295928500496	-0.161309884778654	-0.379188144329897	-0.356803327391563	-0.122448979591837	-0.224877450980392	-0.147534132070215	0.0253555967841682	0.0517151767151767	-0.0977591036414566	0.070957095709571	0.00510204081632653	0.123212504156967	0.0245441795231417	0.052115987460815

Energy matrix for enoLOGOS

PO	1	2	3	4	5	6	7	8	9	10	11	12	13	14	15	16	17	18	19	20	21	22	23
A:	-0.253618068213837	0.78113013281317	0.617766732266695	-0.813937056128128	-0.27364054728335	-0.960389445674812	-1.14581020103751	-0.585886880804954	0.393507580730077	-2.06709343575602	-2.70019643637188	-0.87538511990211	0.91483178778888	-0.878154263782168	-0.634903977847623	2.51772561935965	0.404659159200032	-1.28279216136498	-0.6393059787607	-0.343625581479979	0.053966838117048	-0.190536494371176	0.360906754387782
C:	0.798229498904603	-0.0817485831832206	-0.257122002051002	-0.0346802352492167	-0.460517018598809	1.25702349464471	-0.0597427483587644	0.179515469828018	-0.809448980059476	-1.28158725027498	0.906776544361742	0.933073697814581	2.11461896295372	2.96634048969896	3.28151190870739	0.17594040128396	0.183710293133757	-0.262999229735917	0.804550320728508	-0.153937272696259	0.40890603247716	0.332103619181834	0.0505269456142894
G:	0.15350567286627	-0.919261965937979	-0.694581453671758	0.660431383261858	-0.684101368208376	-0.905796341729275	0.16370360218256	0.594950518805498	1.33869822706705	1.82869447410765	-1.82869447410765	-3.71035370182951	-4.40657222171736	-4.24392277981683	-4.21011882199402	-2.46248683556308	-0.0962047647430168	0.575012999020515	0.484972917876334	0.53662245528696	0.631121571171084	0.0810888367305313	0.0670484548151523
T:	-0.541784727763305	0.263412101368155	0.226420867477748	0.201224664805972	1.35916481183676	0.646133572013635	0.982952291799139	-0.183710293133757	-0.816308717178624	1.48571894417566	3.49245187429638	3.28628009112995	1.12779678024198	2.0711978655118	1.35883957285076	-0.233533676716774	-0.476314379943675	0.900394618997111	-0.653539003292039	-0.0469915325100826	-1.1348291013692	-0.226060247559023	-0.480005983335749

Probability matrix

A:	0.29861146447558	0.0950185463305096	0.116381037581883	0.487801569913951	0.255861049056865	0.443194708706996	0.579214201587377	0.409662983833765	0.123893910474546	0.66451355432499	0.690845792779005	0.0549168319532991	0.00483604634512702	0.0333005738514569	0.0271308668188848	0.00579483657286311	0.158462185037004	0.613735587825565	0.388313727906051	0.334984477081545	0.180315481130856	0.294876082739284	0.166002132007136
C:	0.104302539666447	0.225191423828747	0.279152533916257	0.223777416894158	0.308434959006348	0.0482596716404339	0.19550870541429	0.190553401934114	0.412560226809794	0.302944339387753	0.0187453112191261	0.00900122857870768	0.00145689919903095	0.000712539361705197	0.000540238910816779	0.0602650596036397	0.197643489707537	0.22135577860928	0.0916481959978024	0.277104830734388	0.12644011480668	0.17484766271126	0.226417454784989
G:	0.198744392118217	0.520330504799769	0.432342371332128	0.111669125770789	0.385713683224812	0.419647927794158	0.156359611593065	0.125775356577864	0.0481458522552031	0.0135078009386439	0.288996527162142	0.935226247926539	0.989798637100455	0.964242814976449	0.968634086510128	0.843179385804256	0.261485781345631	0.0957517626041336	0.126157950003273	0.138911377369659	0.101246005833088	0.224736786240566	0.222707428727768
T:	0.398341603739756	0.159459525040974	0.172124057169732	0.176751887421103	0.0499903087119748	0.0888976918584115	0.0689174814052665	0.274008257654257	0.415400010460457	0.0190343053486126	0.00141236883972652	0.000855691541453989	0.00390841735538673	0.00174407181038825	0.00369480776017001	0.0907607180192416	0.382408543909828	0.0691568709610212	0.393880126092874	0.248999314814409	0.591998398229375	0.30553946830889	0.384872984480107



2	AAGGGGG.A	0.494778796806691

Enrichment score matrix

A:	-0.0670731707317073	0.0883720930232558	0.0297101449275362	0.104272959183673	0.124404761904762	0.0636118598382749	-0.0427245427245427	0.214242424242424	0.330731558004285	0.140715109573241	-0.111264156718702	0.126839826839827	0.0128851540616246	-0.304166666666667	-0.0439353099730458	0.139277389277389	0.0694117647058824	0.0373086734693878	-0.005859375	0.020687237026648	-0.0391849529780564	-0.0306776556776557	0.0674264007597341
C:	0.0279166666666667	0.00376535869996036	0.05	-0.136479591836735	0.00648648648648649	-0.0194906444906445	0.0878848063555114	0.146761734997029	-0.108043217286915	-0.144130127298444	-0.2109375	-0.339117647058824	-0.321409644939057	0.00102971462194763	-0.0199460916442049	0.0285547785547786	-0.0873529411764706	0.0167135270228054	-0.0443964083804456	-0.0360576923076923	-0.0054858934169279	-0.002767134951043	-0.00462962962962963
G:	0.0754132231404959	-0.0717054263565891	0.0742753623188406	0.0983455882352941	-0.0177738927738928	-0.0645959318306762	-0.145347313237221	-0.242121212121212	0.197887970615243	0.419682259488085	0.487756351392715	0.487998799879988	0.462264150943396	0.323771697558105	0.0104452996151732	-0.0624312431243124	-0.0526552655265527	-0.0582630427991253	-0.068523153942428	-0.00880410858400587	-0.00727969348659004	0.0500871080139373	-0.0418695228821811
T:	-0.0245833333333333	-0.0218476903870162	-0.147569444444444	-0.0701530612244898	-0.10672268907563	0.0199460916442049	0.0886295928500496	-0.121818181818182	-0.383253301320528	-0.369166666666667	-0.16656662665066	-0.279718137254902	-0.123626373626374	-0.00259515570934256	0.0517151767151767	-0.0977591036414566	0.070957095709571	0.00510204081632653	0.123212504156967	0.0245441795231417	0.052115987460815	-0.0185185185185185	-0.0217996289424861

Energy matrix for enoLOGOS

PO	1	2	3	4	5	6	7	8	9	10	11	12	13	14	15	16	17	18	19	20	21	22	23
A:	0.617766732266695	-0.813937056128128	-0.27364054728335	-0.960389445674812	-1.14581020103751	-0.585886880804954	0.393507580730077	-1.97324564939005	-3.04615022097345	-1.29603405464947	1.02478075458015	-1.16823797791733	-0.118676654652914	2.80147852980942	0.404659159200032	-1.28279216136498	-0.6393059787607	-0.343625581479979	0.053966838117048	-0.190536494371176	0.360906754387782	0.282551650605496	-0.621020101054425
C:	-0.257122002051002	-0.0346802352492167	-0.460517018598809	1.25702349464471	-0.0597427483587644	0.179515469828018	-0.809448980059476	-1.35172553290441	0.995114806095866	1.32748753027493	1.94280617221373	3.12338895555545	2.96029222872472	-0.00948402215413846	0.183710293133757	-0.262999229735917	0.804550320728508	-0.153937272696259	0.40890603247716	0.332103619181834	0.0505269456142894	0.0254862547542977	0.0426404646850749
G:	-0.694581453671758	0.660431383261858	-0.684101368208376	-0.905796341729275	0.16370360218256	0.594950518805498	1.33869822706705	2.23001877491181	-1.82261556488601	-3.86541645796529	-4.49240201492012	-4.49463504801058	-4.25761017195125	-2.98204753732268	-0.0962047647430168	0.575012999020515	0.484972917876334	0.53662245528696	0.631121571171084	0.0810888367305313	0.0670484548151523	-0.461319313056298	0.385632556957133
T:	0.226420867477748	0.201224664805972	1.35916481183676	0.646133572013635	0.982952291799139	-0.183710293133757	-0.816308717178624	1.12198691804074	3.52989335384561	3.40015065398787	1.53413532606446	2.5762992523328	1.138640980052	0.0239022674013223	-0.476314379943675	0.900394618997111	-0.653539003292039	-0.0469915325100826	-1.1348291013692	-0.226060247559023	-0.480005983335749	0.1705618587403	0.20078200254308

Probability matrix

A:	0.116381037581883	0.487801569913951	0.255861049056865	0.443194708706996	0.579214201587377	0.409662983833765	0.123893910474546	0.626041376985924	0.761523537000431	0.0707241863214782	0.00398512849708668	0.0346318041732385	0.0156088298348537	0.00278855464370179	0.158462185037004	0.613735587825565	0.388313727906051	0.334984477081545	0.180315481130856	0.294876082739284	0.166002132007136	0.181300793518346	0.431026739435555
C:	0.279152533916257	0.223777416894158	0.308434959006348	0.0482596716404339	0.19550870541429	0.190553401934114	0.412560226809794	0.336263927405547	0.0133839476664813	0.00513082275479798	0.0015912886175448	0.000473854731517019	0.000718110290211436	0.0463622692031838	0.197643489707537	0.22135577860928	0.0916481959978024	0.277104830734388	0.12644011480668	0.17484766271126	0.226417454784989	0.234445438794225	0.221962747312662
G:	0.432342371332128	0.111669125770789	0.385713683224812	0.419647927794158	0.156359611593065	0.125775356577864	0.0481458522552031	0.00935725559688626	0.224031445680247	0.923499275954279	0.992028985799287	0.96407541773327	0.979233660308656	0.906009217542597	0.261485781345631	0.0957517626041336	0.126157950003273	0.138911377369659	0.101246005833088	0.224736786240566	0.222707428727768	0.381468568561223	0.157514492612777
T:	0.172124057169732	0.176751887421103	0.0499903087119748	0.0888976918584115	0.0689174814052665	0.274008257654257	0.415400010460457	0.0283374400116427	0.0010610696528407	0.000645714969444377	0.00239459708608135	0.000818923361974811	0.00443939956627853	0.0448399586105172	0.382408543909828	0.0691568709610212	0.393880126092874	0.248999314814409	0.591998398229375	0.30553946830889	0.384872984480107	0.202785199126207	0.189496020639006



3	A.CCCCCCT	0.494559019197871

Enrichment score matrix

A:	-0.115802469135802	-0.0411646586345382	-0.026386404293381	0.0661846496106785	0.058792924037461	-0.00455729166666667	0.0316804407713499	0.109265734265734	-0.0717006802721088	-0.027960012496095	0.0135135135135135	-0.231292517006803	-0.177617521367521	-0.288295577130529	-0.321895424836601	-0.33043197936815	-0.0085279454211493	0.0502079619726679	-0.000459136822773186	-0.0133463541666667	-0.00666666666666667	-0.0382716049382716	-0.09688013136289
C:	0.0709459459459459	0.0916666666666667	0.0646341463414634	0.0246212121212121	0.00951086956521739	0.0345052083333333	-0.00413223140495868	-0.0324532453245325	0.00851393188854489	0.162293033427054	0.317635817635818	0.448094809480948	0.460917587085811	0.423956546598056	0.271139971139971	0.128289473684211	-0.233605442176871	-0.0637142857142857	-0.025625	-0.0179036458333333	0.0184811827956989	-0.0489811912225705	-0.0180878552971576
G:	0.0055668016194332	-0.00806451612903226	-0.00413943355119826	-0.0621851995350639	-0.0294326241134752	-0.0569661458333333	-0.0471188475390156	-0.0957983193277311	-0.0252497225305216	-0.0159438775510204	-0.0877057613168724	-0.243774377437744	-0.327755102040816	-0.166952544311035	-0.102668845315904	-0.0540372670807453	0.163429522752497	0.00657142857142857	-0.0282112845138055	0.0413411458333333	-0.0185312285518188	-0.0291187739463602	0.0168067226890756
T:	0.044973544973545	-0.0473170731707317	-0.0375986705442459	-0.0329365079365079	-0.039715574054804	0.0270182291666667	0.0209375	0.0247668997668998	0.0910506938544322	-0.121173469387755	-0.217477656405164	0.0413602941176471	0.0646367521367521	0.045045045045045	0.172676837725381	0.294970986460348	0.083795782463929	0.00940533980582524	0.0543311906948271	-0.0100911458333333	0.00604838709677419	0.110277569392348	0.0977011494252874

Energy matrix for enoLOGOS

PO	1	2	3	4	5	6	7	8	9	10	11	12	13	14	15	16	17	18	19	20	21	22	23
A:	1.06658015665601	0.379140517320305	0.243027764734613	-0.60958315031433	-0.541502841848756	0.0419742074243706	-0.291787642638364	-1.00637460358131	0.66038767020836	0.257521231893742	-0.124464059080759	2.13028280712374	1.63591782782162	2.65530039310748	2.96476642692697	3.04339099976647	0.0785452800024209	-0.462432419151508	0.00422880641504875	0.122924464599943	0.0614022691465079	0.352494508063286	0.892298985133982
C:	-0.653436310173986	-0.844281200764483	-0.595302487456997	-0.226769744006989	-0.0875983459291213	-0.317804713355949	0.0380592577354388	0.298905435614189	-0.0784162105973204	-1.49477407786368	-2.92553399475684	-4.12710571423535	-4.2452078604903	-3.90478409709568	-2.49729142264693	-1.18158971877326	2.15158563519498	0.586830257985911	0.23601497203189	0.164898672024313	-0.170217984025097	0.451133442984727	0.166595303885874
G:	-0.051272137698248	0.0742769384836789	0.038125591953714	0.572746853817194	0.27108448612554	0.524677592804633	0.433980623769586	0.882335128071668	0.23255853880406	0.146848539094008	0.807799914311697	2.24524499016821	3.0187360484477	1.53768975907207	0.94561501095725	0.497701622585048	-1.50524153138013	-0.0605250938729864	0.25983553270281	-0.380766024492505	0.170678922473134	0.268193819260609	-0.154795636503801
T:	-0.414221656940728	0.435806349308141	0.3462965532463	0.303356448759533	0.365793955113171	-0.248847086873054	-0.192841501538251	-0.228111576811764	-0.83860788150392	1.11604889711446	2.00304323879125	-0.380942386708574	-0.595326487718546	-0.414880196935864	-1.59041244980726	-2.71678318515738	-0.771787678228859	-0.0866263809257469	-0.500408759114102	0.0929428878682493	-0.0557077038627592	-1.01569394949775	-0.899860840940202

Probability matrix

A:	0.0712282739424963	0.149250449946406	0.183762996882138	0.418436925781278	0.40282529576026	0.227912386679255	0.321669808872495	0.531472073699289	0.109835268426524	0.120356622619193	0.0556326802147058	0.00186544276770669	0.00271168375550496	0.00136624209162658	0.00294778803386725	0.00250294839666272	0.119909767879417	0.369552683308698	0.236745380222538	0.215324787316878	0.233570295160884	0.144461618744453	0.0839070635743823
C:	0.397782873462144	0.507272069082864	0.424952381498689	0.285348932879115	0.255851823578367	0.32660131502408	0.23129146785368	0.144080275756412	0.229932448676008	0.694196110435917	0.915839140007501	0.973489418524868	0.971358339832046	0.965019648542434	0.694444968228301	0.171134554273552	0.0150849743222722	0.129415820248594	0.187766478094731	0.206473756987666	0.294448270265352	0.130892309878159	0.173367476198038
G:	0.217835924581734	0.202449271858082	0.225551618518653	0.128277535076709	0.178737032001735	0.140647660424495	0.15567294727866	0.0803941106049887	0.168478949798151	0.134441866127925	0.021900442209618	0.00166285540946965	0.000680281587900218	0.00417733969009487	0.0222025353217187	0.0319176380151165	0.5843653210414	0.247246542094428	0.183346625979448	0.356323140093598	0.209391651384032	0.157167882110796	0.239081481824574
T:	0.313152928013626	0.141028209112648	0.165733003100521	0.167936606262898	0.162585848659637	0.304838637872169	0.291365775995164	0.24405353993931	0.491753333099317	0.0510054008169642	0.00662773756817503	0.0229822832979556	0.0252496948245488	0.0294367696758449	0.280404708416113	0.794444859314669	0.280639936756911	0.25378495434828	0.392141515703282	0.221878315601859	0.262589783189733	0.567478189266592	0.503643978403005



