1	CCCCCTGA	0.496206646893895

Enrichment score matrix

A:	0.0398193760262726	-0.0295019157088123	-0.0274305555555556	0.0305422100205903	0.0159505208333333	-0.0196605374823197	0.056499575191164	0.146493506493506	-0.166666666666667	-0.259778085991678	-0.180106809078772	-0.377873563218391	-0.21898597626753	-0.1463354648303	0.176802096985583	0.0848348348348348	-0.00863464651915812	0.00141402714932127	-0.0602213541666667	-0.000339673913043478	-0.0139296187683284	-0.0196787148594378
C:	0.0104250200481155	0.043338683788122	-0.00072463768115942	-0.119623655913978	0.0849609375	-0.00605536332179931	0.0347677774862241	0.186233766233766	0.443391188251001	0.444798890429958	0.473564753004005	0.323199023199023	0.0297312750142939	-0.290143084260731	-0.0602424854761303	0.0230958230958231	0.0321910695742471	0.0411255411255411	-0.000325520833333333	0.0213994565217391	0.0217391304347826	0.0321285140562249
G:	0.00697865353037767	0.00481540930979133	0.0046347793845013	0.0594758064516129	-0.103190104166667	-0.0345689908796705	-0.0463945578231292	0.0400101936799184	-0.282496782496783	-0.311373092926491	-0.210480458053274	-0.122991071428571	-0.254395604395604	0.238181818181818	-0.142201834862385	-0.0540801545147272	-0.0553157042633567	-0.122631578947368	0.00911458333333333	0.0446808510638298	-0.0625468164794007	-0.0216622458001768
T:	-0.0549019607843137	-0.0161290322580645	0.0242821694434598	0.0315789473684211	0.00227864583333333	0.0599769319492503	-0.0439455782312925	-0.347847121432027	0.0128406708595388	0.131457431457431	-0.0704753961634696	0.17699406723797	0.448901098901099	0.190113133300541	0.0269007325082091	-0.0523023023023023	0.0278599605522682	0.0919191919191919	0.0514322916666667	-0.0666666666666667	0.0553519061583578	0.00775193798449612

Energy matrix for enoLOGOS

PO	1	2	3	4	5	6	7	8	9	10	11	12	13	14	15	16	17	18	19	20	21	22
A:	-0.366750006601679	0.271722685303512	0.252644753259069	-0.281304150002018	-0.146909725985297	0.18108024210816	-0.520380318382682	-1.3492550570895	1.5350567286627	2.39264459316385	1.65884501492602	3.48034413481284	2.01693537811345	1.34779943957841	-1.62840749171637	-0.781357704229211	0.0795280334331457	-0.0130236713404641	0.554659169536326	0.00312851235461148	0.128296530108173	0.181247661938487
C:	-0.0960179830278191	-0.39916402896205	0.00667415968983781	1.1017745875079	-0.782519152697195	0.055771957269752	-0.320223064625254	-1.71527637576803	-4.08378376172669	-4.09674917793726	-4.36169256333772	-2.97677301155323	-0.273835162574478	2.6723165626163	0.554853796088992	-0.212720391883479	-0.296490707716783	-0.378780231747938	0.00299815767316933	-0.197096278340523	-0.200224790695134	-0.295914550103652
G:	-0.0642757743528716	-0.0443515587735611	-0.0426878956802752	-0.547792421317132	0.950415982394678	0.318392172317506	0.427309668958351	-0.368507502140739	2.60189152078349	2.86785216852795	1.93859666032011	1.13278963057118	2.34307010561812	-2.19373561587069	1.30972730060212	0.498096630449702	0.509476464181089	1.12947858245813	-0.0839484148487413	-0.411525846407446	0.57607746895881	0.19951665704104
T:	0.505665745912418	0.148553876967358	-0.223647045544264	-0.290852853851879	-0.0209871037121853	-0.552407957719448	0.404753733353511	3.2037903858011	-0.118266949220868	-1.21076768814867	0.649102386515419	-1.63017560308214	-4.13453191423327	-1.75100666688086	-0.247764902656091	0.481722006442198	-0.25659971943622	-0.84660704429276	-0.473708912360754	0.614022691465079	-0.50980989595616	-0.0713979873796603

Probability matrix

A:	0.342495181669796	0.183191170535507	0.191112213402148	0.280444185240722	0.243687397980228	0.196559128028233	0.384214070891732	0.353662853428061	0.00354436377034758	0.00143581335213558	0.00240210937767091	0.00122784080227022	0.00207895931283293	0.0172540923345343	0.70568899090687	0.470086635451446	0.221899980196115	0.197543533978379	0.134653388186536	0.233732783511523	0.203216896577604	0.204883660468423
C:	0.261262478285882	0.358316605893731	0.244406141000685	0.0703368599172177	0.460123841915348	0.222799346935738	0.314518412513171	0.509976877549973	0.976719162470141	0.944943611797503	0.989188427733775	0.782406422842901	0.020545418639252	0.00458840389859494	0.0795124274710753	0.266208462674652	0.323191647066849	0.284779599403878	0.233776374460286	0.285546047333998	0.282250559552635	0.330168958924463
G:	0.253099668359757	0.251289208112827	0.256773252432287	0.366084065204676	0.081333707718658	0.171340252777581	0.148934987644562	0.132634405566914	0.00121960115035874	0.000892725540502958	0.00181592615046694	0.0128431640047011	0.00150040145750003	0.595608997657209	0.0373764125628827	0.130772957902783	0.144355399344526	0.0630202895857812	0.255012245670162	0.353835767119347	0.129864672286502	0.201174625211088
T:	0.143142671684564	0.207203015457936	0.30770839316488	0.283134889637384	0.214855052385766	0.409301272258447	0.152332528950535	0.00372586345505243	0.0185168726091528	0.0527278493098585	0.00659353673808774	0.203522572350128	0.975875220590415	0.382548506109661	0.177422169059172	0.132931943971118	0.31055297339251	0.454656577031961	0.376557991683016	0.126885402035132	0.38466787158326	0.263772755396026



2	AAGGGGG.C	0.494220442881581

Enrichment score matrix

A:	-0.00827526132404181	0.127906976744186	-0.025	0.0369897959183673	0.0827380952380952	0.0231805929919137	-0.00040950040950041	0.226390114739629	0.340463458110517	0.115770409584843	-0.0413429522752497	0.106140120703227	-0.0151515151515152	-0.245578231292517	-0.0315363881401617	0.120337995337995	0.0605882352941176	0.0420918367346939	-0.0693359375	0.0101683029453015	-0.088166144200627	-0.0100732600732601	0.094017094017094
C:	0.0104166666666667	-0.0097106619104241	0.176449275362319	-0.143813775510204	-0.0159459459459459	-0.0680873180873181	0.0995531281032771	0.187555163283319	-0.107182940516274	-0.154965496549655	-0.243673469387755	-0.330204081632653	-0.313209494324045	-0.0531517094017094	0.0412398921832884	0.0559440559440559	-0.0958823529411765	-0.0576382380506092	-0.0450615231127369	-0.00892857142857143	-0.0897335423197492	-0.0483184333759046	-0.0473251028806584
G:	-0.0165289256198347	-0.075968992248062	0.0210144927536232	0.151348039215686	0.00466200466200466	0.0189664650907092	-0.215858453473132	-0.285467128027682	0.198571428571429	0.416591659165917	0.489804587935429	0.459501557632399	0.460634381195129	0.270320022656471	-0.0153930731170973	-0.0365786578657866	0.00945094509450945	0.0014058106841612	-0.0131414267834793	-0.0561261922230374	0.0114942528735632	0.029616724738676	-0.116358325219085
T:	0.0108333333333333	-0.0455680399500624	-0.165277777777778	-0.0507015306122449	-0.0658263305322129	0.0288409703504043	0.105263157894737	-0.115833333333333	-0.409387997623292	-0.358085808580858	-0.176728586171311	-0.221360544217687	-0.0958867521367521	0.0392628205128205	0.0051975051975052	-0.132212885154062	0.0265526552655266	0.0153061224489796	0.12986365147988	0.0525946704067321	0.166144200626959	0.0301204819277108	0.0616883116883117

Energy matrix for enoLOGOS

PO	1	2	3	4	5	6	7	8	9	10	11	12	13	14	15	16	17	18	19	20	21	22	23
A:	0.0762179734614754	-1.1780667917644	0.230258509299405	-0.340688610698099	-0.762046018871839	-0.213501151479771	0.0037716381539624	-2.08513001360273	-3.13578433341792	-1.06628487727949	0.380782662437417	-0.977586638799361	0.139550611696609	2.26185909815197	0.290460868873642	-1.10835389674422	-0.558038269596204	-0.387680143208181	0.638607584385067	-0.0936535311315951	0.812040197372508	0.092778153930163	-0.865929436681522
C:	-0.0959410455414186	0.0894385014321904	-1.62515788447551	1.32457382262795	0.146867589715296	0.62710737459921	-0.916918194926129	-1.72744689236093	0.987191364224159	1.42728496913462	2.24431559268154	3.04129198405254	2.884766050459	0.48954533494211	-0.379833443911686	-0.515263797033633	0.883109106254187	0.5308677908871	0.415031965547979	0.0822351818926445	0.82647646754802	0.445029217632736	0.435880305669655
G:	0.152237030941755	0.699700276320671	-0.193550631005297	-1.39396695580767	-0.0429386497528027	-0.174687599138636	1.98812982865593	2.62924941414545	-1.82891044529241	-3.83695097704438	-4.51126697064084	-4.23216574724762	-4.24259943784176	-2.48973941802641	0.141775442779183	0.336901889293958	-0.0870464211572907	-0.0129479948996854	0.121037013649249	0.516941334157137	-0.105865981287083	-0.272780115546333	1.07169978038087
T:	-0.0997786873630753	0.419697158023884	1.52226458925717	0.466978354318946	0.606282909639889	-0.265635153585297	-0.969509512839598	1.06686442642057	3.77060280231229	3.29809217940401	1.62773043209589	2.03880595717078	0.883149624342802	-0.361623940886885	-0.0478707919541382	1.2177256738299	-0.244558992775245	-0.140974597530248	-1.19608843207739	-0.484414816197906	-1.53024463860419	-0.277419890722174	-0.568170347621907

Probability matrix

A:	0.232174817161289	0.610943424170967	0.108732888864737	0.22211989801944	0.466269885854174	0.290116190085564	0.158853586398084	0.571093484580023	0.776480420204979	0.0586008300910935	0.00742562142345704	0.0370704578767746	0.0122624896584633	0.0073293741375183	0.181234077333043	0.530228113164976	0.385811658526383	0.348682053487932	0.09811889996319	0.259077781982823	0.0671380094306528	0.217749010927063	0.463270896263127
C:	0.275792736572123	0.17200078938024	0.695277264399897	0.0420119828659557	0.187888934080793	0.125170019875508	0.398884846831337	0.399362607860491	0.0125760690863747	0.0048412793554863	0.00115188927745871	0.000666271353265893	0.000787674412024492	0.0431293565530154	0.354278651089532	0.293013070265609	0.0913046706309947	0.139158358070106	0.122701628891371	0.21729146741864	0.0661757494218625	0.153100108259386	0.126027763732049
G:	0.215179282486036	0.0934323169553465	0.166118843037796	0.636825490231653	0.227160598918538	0.279071478923192	0.0218374142172409	0.00512009753826677	0.210165967224949	0.9358123369128	0.989288509674326	0.960447649379894	0.98112025002824	0.84851574835929	0.210287336970051	0.124967228397575	0.240894112728665	0.239709635102148	0.164638239487557	0.14068642363133	0.168116387408321	0.313845662056303	0.0667318770166231
T:	0.276853163780551	0.123623469493446	0.0298710036975701	0.0990426288829507	0.118680581146495	0.305642311115736	0.420424152553337	0.0244238100212191	0.000777543483697886	0.000745553640620029	0.00213397962475813	0.00181562139006539	0.00582958590127213	0.101025520950177	0.254199934607374	0.05179158817184	0.281989558113957	0.272449953339813	0.614541231657882	0.382944326967207	0.698569853739164	0.315305218757248	0.343969462988201



3	CCCCTGA..C	0.493959085725147

Enrichment score matrix

A:	-0.0295019157088123	-0.0274305555555556	0.0305422100205903	0.0159505208333333	-0.0196605374823197	0.056499575191164	0.146493506493506	-0.106823979591837	-0.335961188599151	-0.107337780473014	-0.331032412965186	-0.229411764705882	-0.162547808178876	0.144322007958372	0.0848348348348348	-0.00863464651915812	0.00141402714932127	-0.0602213541666667	-0.000339673913043478	-0.0139296187683284	-0.0196787148594378	0.0276907001044932	-0.0781625781625782
C:	0.043338683788122	-0.00072463768115942	-0.119623655913978	0.0849609375	-0.00605536332179931	0.0347677774862241	0.186233766233766	0.425960637300843	0.4143475572047	0.449907235621521	0.377869605142332	0.0616161616161616	-0.151202263083451	-0.106978879706152	0.0230958230958231	0.0321910695742471	0.0411255411255411	-0.000325520833333333	0.0213994565217391	0.0217391304347826	0.0321285140562249	0.0551146384479718	-0.0935632183908046
G:	0.00481540930979133	0.0046347793845013	0.0594758064516129	-0.103190104166667	-0.0345689908796705	-0.0463945578231292	0.0400101936799184	-0.250956632653061	-0.226325757575758	-0.212121212121212	-0.1059375	-0.223972397239724	0.211385701676964	-0.0537190082644628	-0.0540801545147272	-0.0553157042633567	-0.122631578947368	0.00911458333333333	0.0446808510638298	-0.0625468164794007	-0.0216622458001768	-0.0177832919768404	0.0482261640798226
T:	-0.0161290322580645	0.0242821694434598	0.0315789473684211	0.00227864583333333	0.0599769319492503	-0.0439455782312925	-0.347847121432027	-0.0754451733833177	0.134199134199134	-0.135416666666667	0.0635139271502908	0.411191119111911	0.104243281471004	0.0163758800122436	-0.0523023023023023	0.0278599605522682	0.0919191919191919	0.0514322916666667	-0.0666666666666667	0.0553519061583578	0.00775193798449612	-0.0595238095238095	0.137573964497041

Energy matrix for enoLOGOS

PO	1	2	3	4	5	6	7	8	9	10	11	12	13	14	15	16	17	18	19	20	21	22	23
A:	0.271722685303512	0.252644753259069	-0.281304150002018	-0.146909725985297	0.18108024210816	-0.520380318382682	-1.3492550570895	0.983885211929854	3.09431689877187	0.988617492928917	3.04892119756595	2.11296043827689	1.49712064004614	-1.32925481646366	-0.781357704229211	0.0795280334331457	-0.0130236713404641	0.554659169536326	0.00312851235461148	0.128296530108173	0.181247661938487	-0.255040773100699	0.719903949228538
C:	-0.39916402896205	0.00667415968983781	1.1017745875079	-0.782519152697195	0.055771957269752	-0.320223064625254	-1.71527637576803	-3.92324245460466	-3.81628203415216	-4.1437987758891	-3.48030767958512	-0.567505820899543	1.39262430801167	0.985311894706359	-0.212720391883479	-0.296490707716783	-0.378780231747938	0.00299815767316933	-0.197096278340523	-0.200224790695134	-0.295914550103652	-0.507624579584225	0.861749087676852
G:	-0.0443515587735611	-0.0426878956802752	-0.547792421317132	0.950415982394678	0.318392172317506	0.427309668958351	-0.368507502140739	2.31139600533969	2.08453726221809	1.95370856375252	0.975720433156227	2.06286201250532	-1.94693426221385	0.494770350560704	0.498096630449702	0.509476464181089	1.12947858245813	-0.0839484148487413	-0.411525846407446	0.57607746895881	0.19951665704104	0.163790172040933	-0.444179386009938
T:	0.148553876967358	-0.223647045544264	-0.290852853851879	-0.0209871037121853	-0.552407957719448	0.404753733353511	3.2037903858011	0.694875726283114	-1.23601970359854	1.24723359203844	-0.584984887415077	-3.7872101649545	-0.960116103839667	-0.150827428803406	0.481722006442198	-0.25659971943622	-0.84660704429276	-0.473708912360754	0.614022691465079	-0.50980989595616	-0.0713979873796603	0.548234545950963	-1.26710303933992

Probability matrix

A:	0.183191170535507	0.191112213402148	0.280444185240722	0.243687397980228	0.196559128028233	0.384214070891732	0.353662853428061	0.00725422964189548	0.000923734152043353	0.00582821667587478	0.00136671669630584	0.00261956328879992	0.0221747489973119	0.637776977752387	0.470086635451446	0.221899980196115	0.197543533978379	0.134653388186536	0.233732783511523	0.203216896577604	0.204883660468423	0.294722482748301	0.0808772782870739
C:	0.358316605893731	0.244406141000685	0.0703368599172177	0.460123841915348	0.222799346935738	0.314518412513171	0.509976877549973	0.981137256020523	0.926364670675796	0.987451453828899	0.93602311208969	0.0382243932814418	0.0246173269113231	0.0630180974601022	0.266208462674652	0.323191647066849	0.284779599403878	0.233776374460286	0.285546047333998	0.282250559552635	0.330168958924463	0.37941021590206	0.0701817134161226
G:	0.251289208112827	0.256773252432287	0.366084065204676	0.081333707718658	0.171340252777581	0.148934987644562	0.132634405566914	0.00192336047632807	0.00253564660006273	0.00222025042870624	0.0108657110519707	0.00275414223587754	0.694372882731277	0.102921183910337	0.130772957902783	0.144355399344526	0.0630202895857812	0.255012245670162	0.353835767119347	0.129864672286502	0.201174625211088	0.193872985743206	0.259048747464111
T:	0.207203015457936	0.30770839316488	0.283134889637384	0.214855052385766	0.409301272258447	0.152332528950535	0.00372586345505243	0.00968515386125341	0.0701759485720981	0.00450007906652009	0.0517444601620338	0.956401901193881	0.258835041360089	0.196283740877174	0.132931943971118	0.31055297339251	0.454656577031961	0.376557991683016	0.126885402035132	0.38466787158326	0.263772755396026	0.131994315606433	0.589892260832692



