1	ACCCACCC	0.485360508314907

Enrichment score matrix

A:	0.0674378000872981	0.00274509803921569	0.0419937205651491	0.0869565217391304	0.0542763157894737	0.0775757575757576	0.0609487038058467	0.11455525606469	-0.0592592592592593	-0.0204743790557172	-0.125472207231516	0.162040816326531	0.0275761973875181	0.00185965782296058	-0.00545171339563863	-0.00816993464052288	0.0144444444444444	0.00701530612244898	0.0444078947368421	0.0498207885304659	0.0202247191011236	0.0159950145409223
C:	-0.0412048192771084	-0.00153609831029186	0.00682471264367816	0.0142361111111111	-0.0546052631578947	-0.0689975247524753	-0.112299465240642	-0.0814814814814815	0.274074074074074	0.219503105590062	0.266931216931217	-0.280181623931624	0.227012987012987	0.229472329472329	0.192857142857143	0.00989819004524887	-0.0182461103253182	-0.0217119650109341	0.00526315789473684	0.0401785714285714	0.0531524926686217	0.000850340136054422
G:	-0.0178571428571429	-0.00601443464314354	-0.0509530791788856	-0.0905797101449275	-0.00526315789473684	-0.0358600583090379	-0.0409587378640777	0.0261455525606469	-0.185619581845997	-0.115909090909091	-0.0699248120300752	0.0296892341842397	-0.180428134556575	-0.114766081871345	-0.0836481381543443	-0.019001386962552	-0.049573403942336	-0.0105229591836735	-0.0657894736842105	-0.0406732117812062	-0.0375478927203065	-0.0599128540305011
T:	0.00160036579789666	0.00533333333333333	0.0191570881226054	-0.011231884057971	0.0184210526315789	0.0380273321449792	0.0963890506697729	-0.0455026455026455	-0.0181030086690464	-0.071501014198783	-0.0687954309449637	0.0742521367521368	-0.0705912334352701	-0.088395735184726	-0.099749373433584	0.0294117647058824	0.0648720211827008	0.0251483911277726	0.0276315789473684	-0.0371669004207574	-0.0258426966292135	0.0412414965986395

Energy matrix for enoLOGOS

PO	1	2	3	4	5	6	7	8	9	10	11	12	13	14	15	16	17	18	19	20	21	22
A:	-0.621125092741301	-0.0252832872956209	-0.38677645989068	-0.800899162780538	-0.499903342557918	-0.714499131886637	-0.561358307282608	-1.05509289975468	0.545797947968959	0.188576000008015	1.1556417358254	-1.49245107252022	-0.253986164103843	-0.0171280815248751	0.0502121359842938	0.0752478788560146	-0.133038249817434	-0.0646133572013635	-0.409011825729206	-0.458866419965838	-0.186276546848957	-0.147319528176603
C:	0.379510410507934	0.0141479882826055	-0.0628579263892053	-0.131119428906605	0.502933059785542	0.635490687794149	1.03431629845722	0.750472178457319	-2.52431550935644	-2.0216983151903	-2.45852736384232	2.58056812238328	-2.09086687924862	-2.11351826039042	-1.77627992888112	-0.0911656993832484	0.16805288656081	0.19997458789514	-0.0484754756419799	-0.3700583185169	-0.489552549096975	-0.00783192208501376
G:	0.164470363785289	0.0553949902083572	0.469295202237789	0.834269961229727	0.0484754756419799	0.330283342785152	0.377243916934704	-0.240809438296951	1.70961952850552	1.06756217947906	0.644031319243447	-0.273447952220159	1.66180453194677	1.05703467719317	0.770427823883599	0.175009241464735	0.45658792370638	0.0969200358020453	0.605943445524749	0.374614124526381	0.34582887220447	0.55181777827744
T:	-0.0147399137182975	-0.0491218153172063	-0.176443302145138	0.103449475192486	-0.16966416474693	-0.35024467249345	-0.887775964800267	0.419094852904736	0.166734871598753	0.658548677712293	0.633629335039898	-0.683887452833702	0.650169287216463	0.814154808482398	0.918725681214667	-0.270892363881652	-0.597493395710723	-0.231625242094371	-0.254496247120395	0.34231980344652	0.238020032084778	-0.379848221123167

Probability matrix

A:	0.422152458806625	0.255888546532588	0.338014715538167	0.473586611441913	0.375449340814762	0.433702947628995	0.335577222159904	0.544572502806115	0.0411225594551933	0.0896182596338579	0.0241115608236192	0.568812670328261	0.127729626406795	0.100869306745196	0.123178817426594	0.222236263451991	0.257354424916716	0.263148990920674	0.342870738783439	0.357353228556387	0.278095653854033	0.275588051333247
C:	0.155202547564634	0.245994876626848	0.244489141803954	0.24239171620436	0.137728884605165	0.112434409798588	0.0680455609344531	0.0895176676875102	0.885958686331671	0.817158766786959	0.895032944745464	0.00968455122706546	0.801749689526672	0.820747791177502	0.76519382267515	0.262474686232837	0.190444932346558	0.201972678252891	0.239084529948156	0.326985761420936	0.376621662333287	0.23970753522298
G:	0.192437431371586	0.236054735228742	0.143598005824547	0.0923112195522422	0.21696688378831	0.152562961420358	0.131269160565987	0.241221989283939	0.0128421827797092	0.0372098276416433	0.0402174847173838	0.168098149744956	0.0188050422776542	0.0344553033004594	0.0599446365416951	0.201135679583066	0.142711919101837	0.223897192438742	0.124262746846124	0.155282211977794	0.163344213595404	0.136971089312297
T:	0.230207562257154	0.262061841611822	0.273898136833332	0.191710452801485	0.269854890791762	0.301299681152059	0.465108056339656	0.124687840222435	0.060076571433427	0.0560131459375399	0.0406380097135325	0.253404628699717	0.0517156417888791	0.0439275987768435	0.0516827233565613	0.314153370732106	0.409488723634889	0.310981138387692	0.293781984422282	0.160378798044883	0.181938470217276	0.347733324131475



2	A.CCCACCC	0.480842547708815

Enrichment score matrix

A:	0.131172839506173	0.0674378000872981	0.00274509803921569	0.0419937205651491	0.0869565217391304	0.0542763157894737	0.0775757575757576	0.0609487038058467	0.11455525606469	-0.0453061224489796	-0.0410295616717635	-0.0397759103641457	0.157027027027027	-0.00925925925925926	-0.00238095238095238	-0.0265330188679245	-0.00816993464052288	0.0144444444444444	0.00701530612244898	0.0444078947368421	0.0498207885304659	0.0202247191011236	0.0159950145409223
C:	0.00648648648648649	-0.0412048192771084	-0.00153609831029186	0.00682471264367816	0.0142361111111111	-0.0546052631578947	-0.0689975247524753	-0.112299465240642	-0.0814814814814815	0.183547625295198	0.216466466466466	0.179650238473768	-0.288392857142857	0.192266523949692	0.157827638959714	0.179421996253679	0.00989819004524887	-0.0182461103253182	-0.0217119650109341	0.00526315789473684	0.0401785714285714	0.0531524926686217	0.000850340136054422
G:	-0.025030525030525	-0.0178571428571429	-0.00601443464314354	-0.0509530791788856	-0.0905797101449275	-0.00526315789473684	-0.0358600583090379	-0.0409587378640777	0.0261455525606469	-0.169931972789116	-0.124938514510575	-0.112605042016807	0.0662478583666476	-0.12972582972583	-0.114745586708204	-0.170814479638009	-0.019001386962552	-0.049573403942336	-0.0105229591836735	-0.0657894736842105	-0.0406732117812062	-0.0375478927203065	-0.0599128540305011
T:	-0.0992798353909465	0.00160036579789666	0.00533333333333333	0.0191570881226054	-0.011231884057971	0.0184210526315789	0.0380273321449792	0.0963890506697729	-0.0455026455026455	0.0249722530521643	-0.0519342872284049	-0.0375350140056022	0.0445459737292975	-0.0480519480519481	-0.0444444444444444	-0.00571895424836601	0.0294117647058824	0.0648720211827008	0.0251483911277726	0.0276315789473684	-0.0371669004207574	-0.0258426966292135	0.0412414965986395

Energy matrix for enoLOGOS

PO	1	2	3	4	5	6	7	8	9	10	11	12	13	14	15	16	17	18	19	20	21	22	23
A:	-1.20814649941046	-0.621125092741301	-0.0252832872956209	-0.38677645989068	-0.800899162780538	-0.499903342557918	-0.714499131886637	-0.561358307282608	-1.05509289975468	0.417284808689533	0.37789622830993	0.366349673058997	-1.44627236651842	0.0852809293701498	0.0219293818380385	0.244378134869651	0.0752478788560146	-0.133038249817434	-0.0646133572013635	-0.409011825729206	-0.458866419965838	-0.186276546848957	-0.147319528176603
C:	-0.0597427483587644	0.379510410507934	0.0141479882826055	-0.0628579263892053	-0.131119428906605	0.502933059785542	0.635490687794149	1.03431629845722	0.750472178457319	-1.69053610343672	-1.99372983527512	-1.65463984425009	2.65619637513242	-1.77084012771338	-1.45364627492434	-1.65253765571582	-0.0911656993832484	0.16805288656081	0.19997458789514	-0.0484754756419799	-0.3700583185169	-0.489552549096975	-0.00783192208501376
G:	0.230539655220405	0.164470363785289	0.0553949902083572	0.469295202237789	0.834269961229727	0.0484754756419799	0.330283342785152	0.377243916934704	-0.240809438296951	1.56513130946915	1.15072624421149	1.03713076457547	-0.610165324471295	1.19481904681192	1.05684590976466	1.57325949792806	0.175009241464735	0.45658792370638	0.0969200358020453	0.605943445524749	0.374614124526381	0.34582887220447	0.55181777827744
T:	0.914401076024385	-0.0147399137182975	-0.0491218153172063	-0.176443302145138	0.103449475192486	-0.16966416474693	-0.35024467249345	-0.887775964800267	0.419094852904736	-0.230002950465554	0.478332462349584	0.34571025485849	-0.41028358024794	0.44257479709496	0.409348460976719	0.0526735151992102	-0.270892363881652	-0.597493395710723	-0.231625242094371	-0.254496247120395	0.34231980344652	0.238020032084778	-0.379848221123167

Probability matrix

A:	0.597332998288483	0.422152458806625	0.255888546532588	0.338014715538167	0.473586611441913	0.375449340814762	0.433702947628995	0.335577222159904	0.544572502806115	0.0872755780885889	0.0764470561362955	0.0992265207867389	0.554077537205301	0.118650059024667	0.156064300335249	0.109392536646577	0.222236263451991	0.257354424916716	0.263148990920674	0.342870738783439	0.357353228556387	0.278095653854033	0.275588051333247
C:	0.189439742592569	0.155202547564634	0.245994876626848	0.244489141803954	0.24239171620436	0.137728884605165	0.112434409798588	0.0680455609344531	0.0895176676875102	0.71830307416818	0.819114999210386	0.74874228273344	0.00915990579420257	0.759226033519267	0.682555444228638	0.729134677296733	0.262474686232837	0.190444932346558	0.201972678252891	0.239084529948156	0.326985761420936	0.376621662333287	0.23970753522298
G:	0.141710832335845	0.192437431371586	0.236054735228742	0.143598005824547	0.0923112195522422	0.21696688378831	0.152562961420358	0.131269160565987	0.241221989283939	0.0276942324288599	0.0352959564311568	0.0507354173454459	0.240134118361093	0.0391202549748983	0.0554427843306912	0.0289642208309201	0.201135679583066	0.142711919101837	0.223897192438742	0.124262746846124	0.155282211977794	0.163344213595404	0.136971089312297
T:	0.0715164267831027	0.230207562257154	0.262061841611822	0.273898136833332	0.191710452801485	0.269854890791762	0.301299681152059	0.465108056339656	0.124687840222435	0.166727115314371	0.0691419882221621	0.101295779134375	0.196628438639403	0.0830036524811686	0.105937471105422	0.13250856522577	0.314153370732106	0.409488723634889	0.310981138387692	0.293781984422282	0.160378798044883	0.181938470217276	0.347733324131475



3	A..CCCACCC	0.477933140087436

Enrichment score matrix

A:	0.131172839506173	0.0674378000872981	0.00274509803921569	0.0419937205651491	0.0869565217391304	0.0542763157894737	0.0775757575757576	0.0609487038058467	0.11455525606469	-0.0854420493595751	0.0249099639855942	-0.0491276400367309	0.17379679144385	0.0873015873015873	0.0105132962275819	-0.0531428571428571	-0.00816993464052288	0.0144444444444444	0.00701530612244898	0.0444078947368421	0.0498207885304659	0.0202247191011236	0.0159950145409223
C:	0.00648648648648649	-0.0412048192771084	-0.00153609831029186	0.00682471264367816	0.0142361111111111	-0.0546052631578947	-0.0689975247524753	-0.112299465240642	-0.0814814814814815	0.207278975320212	0.228803183348638	0.192990511172329	-0.258169934640523	0.194269426942694	0.212121212121212	0.214795008912656	0.00989819004524887	-0.0182461103253182	-0.0217119650109341	0.00526315789473684	0.0401785714285714	0.0531524926686217	0.000850340136054422
G:	-0.025030525030525	-0.0178571428571429	-0.00601443464314354	-0.0509530791788856	-0.0905797101449275	-0.00526315789473684	-0.0358600583090379	-0.0409587378640777	0.0261455525606469	-0.0774872448979592	-0.1596875	-0.1371875	0.0142690739662202	-0.15625	-0.109848484848485	-0.0879440885264997	-0.019001386962552	-0.049573403942336	-0.0105229591836735	-0.0657894736842105	-0.0406732117812062	-0.0375478927203065	-0.0599128540305011
T:	-0.0992798353909465	0.00160036579789666	0.00533333333333333	0.0191570881226054	-0.011231884057971	0.0184210526315789	0.0380273321449792	0.0963890506697729	-0.0455026455026455	-0.046875	-0.0977961432506887	-0.00930372148859544	0.0671428571428571	-0.111764705882353	-0.0857142857142857	-0.0698158051099228	0.0294117647058824	0.0648720211827008	0.0251483911277726	0.0276315789473684	-0.0371669004207574	-0.0258426966292135	0.0412414965986395

Energy matrix for enoLOGOS

PO	1	2	3	4	5	6	7	8	9	10	11	12	13	14	15	16	17	18	19	20	21	22	23
A:	-1.20814649941046	-0.621125092741301	-0.0252832872956209	-0.38677645989068	-0.800899162780538	-0.499903342557918	-0.714499131886637	-0.561358307282608	-1.05509289975468	0.786950356680877	-0.229429246960991	0.452482286410217	-1.60072760475522	-0.804077334061413	-0.0968310366874429	0.48946380262502	0.0752478788560146	-0.133038249817434	-0.0646133572013635	-0.409011825729206	-0.458866419965838	-0.186276546848957	-0.147319528176603
C:	-0.0597427483587644	0.379510410507934	0.0141479882826055	-0.0628579263892053	-0.131119428906605	0.502933059785542	0.635490687794149	1.03431629845722	0.750472178457319	-1.90910991465361	-2.10735519683263	-1.77750829645883	2.37783297185006	-1.78928754601097	-1.95370856375252	-1.97833514228722	-0.0911656993832484	0.16805288656081	0.19997458789514	-0.0484754756419799	-0.3700583185169	-0.489552549096975	-0.00783192208501376
G:	0.230539655220405	0.164470363785289	0.0553949902083572	0.469295202237789	0.834269961229727	0.0484754756419799	0.330283342785152	0.377243916934704	-0.240809438296951	0.713683899996879	1.47077622814995	1.26354356978048	-0.131423028021792	1.43911568312128	1.01174193480041	0.809994989032268	0.175009241464735	0.45658792370638	0.0969200358020453	0.605943445524749	0.374614124526381	0.34582887220447	0.55181777827744
T:	0.914401076024385	-0.0147399137182975	-0.0491218153172063	-0.176443302145138	0.103449475192486	-0.16966416474693	-0.35024467249345	-0.887775964800267	0.419094852904736	0.431734704936384	0.900735766405384	0.0856904416360329	-0.618408567832687	1.02939098275028	0.789457746169387	0.643027328405943	-0.270892363881652	-0.597493395710723	-0.231625242094371	-0.254496247120395	0.34231980344652	0.238020032084778	-0.379848221123167

Probability matrix

A:	0.597332998288483	0.422152458806625	0.255888546532588	0.338014715538167	0.473586611441913	0.375449340814762	0.433702947628995	0.335577222159904	0.544572502806115	0.0545740402237784	0.124292270529917	0.0820528830664906	0.61605194614695	0.253527059533232	0.122760807371063	0.069541690238017	0.222236263451991	0.257354424916716	0.263148990920674	0.342870738783439	0.357353228556387	0.278095653854033	0.275588051333247
C:	0.189439742592569	0.155202547564634	0.245994876626848	0.244489141803954	0.24239171620436	0.137728884605165	0.112434409798588	0.0680455609344531	0.0895176676875102	0.808854126333485	0.81286233247781	0.763073637955674	0.0115279060798787	0.679040500465817	0.786124623254817	0.820345322966718	0.262474686232837	0.190444932346558	0.201972678252891	0.239084529948156	0.326985761420936	0.376621662333287	0.23970753522298
G:	0.141710832335845	0.192437431371586	0.236054735228742	0.143598005824547	0.0923112195522422	0.21696688378831	0.152562961420358	0.131269160565987	0.241221989283939	0.0587226065381007	0.0227014849235265	0.0364631685926136	0.141744580830629	0.0269040691281602	0.040514698535269	0.0504708148703329	0.201135679583066	0.142711919101837	0.223897192438742	0.124262746846124	0.155282211977794	0.163344213595404	0.136971089312297
T:	0.0715164267831027	0.230207562257154	0.262061841611822	0.273898136833332	0.191710452801485	0.269854890791762	0.301299681152059	0.465108056339656	0.124687840222435	0.0778492269046362	0.040143912068747	0.118410310385222	0.230675566942543	0.040528370872791	0.0505998708388511	0.0596421719249316	0.314153370732106	0.409488723634889	0.310981138387692	0.293781984422282	0.160378798044883	0.181938470217276	0.347733324131475



