1	ACCCACCC	0.482517590032734

Enrichment score matrix

A:	0.058271497162811	0.0109803921568627	0.0223704866562009	0.097463768115942	0.06875	0.0927272727272727	0.0628792057363486	0.130458221024259	-0.0669312169312169	-0.0251734168717834	-0.124932541824069	0.176462585034014	0.0251572327044025	-0.0417803124225143	-0.0106438213914849	0.00599128540305011	-0.000277777777777778	0.0251913265306122	0.0273026315789474	0.0455197132616487	0.0108614232209738	0.0317823016202742
C:	-0.0566265060240964	-0.0211213517665131	0.0255028735632184	0.0340277777777778	-0.0536184210526316	-0.12345297029703	-0.127450980392157	-0.0862433862433862	0.300793650793651	0.267453416149068	0.307407407407407	-0.239316239316239	0.271428571428571	0.271943371943372	0.259259259259259	0.00565610859728507	0.0222065063649222	-0.0164011246485473	-0.0115131578947368	0.0570054945054945	0.0751466275659824	-0.00637755102040816
G:	-0.0209821428571429	0.0100240577385726	-0.0718475073313783	-0.106521739130435	-0.00526315789473684	-0.0186588921282799	-0.0497572815533981	0.016711590296496	-0.194288628250892	-0.133409090909091	-0.0909774436090226	-0.00776914539400666	-0.226554536187564	-0.117933723196881	-0.12061521856449	-0.00846047156726768	-0.078699617534569	-0.0334821428571429	-0.0634868421052632	-0.0690743338008415	-0.0938697318007663	-0.05119825708061
T:	0.0285779606767261	0.000888888888888889	0.0398467432950192	-0.0264492753623188	0.00263157894736842	0.0576351752822341	0.117355853232382	-0.0476190476190476	-0.0313615502294748	-0.0955882352941176	-0.0872274143302181	0.0558226495726496	-0.0677879714576962	-0.0826927845276469	-0.123308270676692	0.00735294117647059	0.0666372462488967	0.0245235863792565	0.0582236842105263	-0.0227910238429173	0.0153558052434457	0.0238095238095238

Energy matrix for enoLOGOS

PO	1	2	3	4	5	6	7	8	9	10	11	12	13	14	15	16	17	18	19	20	21	22
A:	-0.536700322854134	-0.101133149182484	-0.206039796390362	-0.897674478283186	-0.633210900573363	-0.854049743583246	-0.579138887151288	-1.20156461995592	0.616459289447083	0.231855737714773	1.15067123373583	-1.62528047108206	-0.231706676024558	0.384810898258861	0.0980332178740975	-0.055181777827744	0.0025584278811045	-0.232020691768533	-0.251466529892771	-0.419252052774543	-0.100037404789254	-0.292725815727536
C:	0.521549394557687	0.194534838885826	-0.234890145980714	-0.313407415435301	0.49384390810267	1.13704387636711	1.17386691015383	0.794330942133396	-2.77041190553887	-2.46333699638071	-2.83132685508897	2.20418402064387	-2.49994952953639	-2.50469101750137	-2.3878660223642	-0.0520946853618562	-0.204529482093389	0.151059940496329	0.106040102966831	-0.525040007468422	-0.692126017688826	0.0587394156376032
G:	0.193252677447715	-0.0923249836805953	0.661739997400048	0.981101474406159	0.0484754756419799	0.171854747465445	0.458281499091048	-0.153919434787742	1.78946439659507	1.22874313598864	0.837933221811367	0.0715564734781723	2.08664439110266	1.0862097319777	1.11090721701925	0.0779238228419622	0.724850264637726	0.308381932097417	0.584735424931383	0.63619812527325	0.864572180511174	0.471553374164358
T:	-0.263212744969598	-0.00818696921953439	-0.367002068461886	0.24360682867908	-0.02423773782099	-0.530839581747885	-1.08088735291392	0.438587636760771	0.28885055220629	0.88040018261537	0.803394175748701	-0.514145603029653	0.624350290251189	0.761628691806114	1.1357111436121	-0.0677230909704131	-0.613751719403532	-0.225870577694511	-0.536259949289403	0.209913087019093	-0.141432192977911	-0.219293818380385

Probability matrix

A:	0.386142703290703	0.27423500656087	0.275953880167008	0.492683446214594	0.421290592898197	0.450685981190862	0.314541911826178	0.595023756169926	0.0309881886070406	0.0598795043287982	0.0174196468749445	0.65181880412739	0.0894000401150299	0.0495877230539975	0.0728365694308928	0.257406180710888	0.218923282306222	0.306923548649619	0.288828791733109	0.334151058307574	0.236342049717196	0.322734192131014
C:	0.134015743435722	0.204040282766799	0.284031202618303	0.274678083916465	0.136492276596148	0.0615393744394925	0.0544951406279742	0.0808589087840891	0.916422327085904	0.886718008602786	0.9341124141984	0.0141583155633228	0.863819629109344	0.891802949711151	0.874906826479374	0.256612769327005	0.269295494513195	0.209247561778882	0.202012073124176	0.37143768671508	0.427249747847742	0.227093952264581
G:	0.186094386347974	0.271830106165438	0.115868271708795	0.075270697691897	0.213073348113346	0.161558342878622	0.111463473574158	0.208712174208672	0.00958885045002652	0.0220971111658264	0.0238155019694627	0.119453798234852	0.0088001614135617	0.0245901129685247	0.0264523276753423	0.225326329837684	0.106317459851863	0.178787163116014	0.125164909220848	0.116296502160632	0.0900775110545496	0.150287459971574
T:	0.293747166925601	0.249894604506892	0.324146645505893	0.157367772177044	0.229143782392309	0.326216301491023	0.51949947397169	0.115405160837314	0.043000633857029	0.031305375902589	0.0246524369571923	0.214569082074435	0.0379801693620645	0.034019214266327	0.025804276414391	0.260654720124423	0.405463763328721	0.305041726455485	0.383994225921867	0.178114752816715	0.246330691380512	0.29988439563283



2	A..GGGTGGG	0.471295262307546

Enrichment score matrix

A:	0.0692753623188406	0.0504464285714286	0.0238095238095238	0.0153558052434457	-0.0227910238429173	0.0582236842105263	0.0245235863792565	0.0666372462488967	0.00735294117647059	-0.0612244897959184	-0.0952242283051835	-0.0656565656565657	0.0634282178217822	-0.00418470418470419	-0.095959595959596	-0.0399133663366337	-0.0476190476190476	0.117355853232382	0.0576351752822341	0.00263157894736842	-0.0264492753623188	0.0398467432950192	0.000888888888888889
C:	-0.0550684931506849	-0.102251407129456	-0.05119825708061	-0.0938697318007663	-0.0690743338008415	-0.0634868421052632	-0.0334821428571429	-0.078699617534569	-0.00846047156726768	-0.120668316831683	-0.081537565521258	-0.0949060036385688	0.00647522522522523	-0.106060606060606	-0.084	-0.123885918003565	0.016711590296496	-0.0497572815533981	-0.0186588921282799	-0.00526315789473684	-0.106521739130435	-0.0718475073313783	0.0100240577385726
G:	0.00246575342465753	0.0450388660265203	-0.00637755102040816	0.0751466275659824	0.0570054945054945	-0.0115131578947368	-0.0164011246485473	0.0222065063649222	0.00565610859728507	0.185151515151515	0.181521093285799	0.199134199134199	-0.196710942441493	0.192169216921692	0.194295900178253	0.212424242424242	-0.0862433862433862	-0.127450980392157	-0.12345297029703	-0.0536184210526316	0.0340277777777778	0.0255028735632184	-0.0211213517665131
T:	-0.0128767123287671	0.00297210791037952	0.0317823016202742	0.0108614232209738	0.0455197132616487	0.0273026315789474	0.0251913265306122	-0.000277777777777778	0.00599128540305011	-0.00333333333333333	0.018	-0.0388257575757576	0.119393939393939	-0.0817581758175818	-0.010774606872452	-0.0460487225193108	0.130458221024259	0.0628792057363486	0.0927272727272727	0.06875	0.097463768115942	0.0223704866562009	0.0109803921568627

Energy matrix for enoLOGOS

PO	1	2	3	4	5	6	7	8	9	10	11	12	13	14	15	16	17	18	19	20	21	22	23
A:	-0.638049666348495	-0.464628777693441	-0.219293818380385	-0.141432192977911	0.209913087019093	-0.536259949289403	-0.225870577694511	-0.613751719403532	-0.0677230909704131	0.563898390120991	0.877047554349508	0.604719317351972	-0.58419547532646	0.0385425498971586	0.883820540745189	0.367615689351772	0.438587636760771	-1.08088735291392	-0.530839581747885	-0.02423773782099	0.24360682867908	-0.367002068461886	-0.00818696921953439
C:	0.507199565689647	0.941770263175801	0.471553374164358	0.864572180511174	0.63619812527325	0.584735424931383	0.308381932097417	0.724850264637726	0.0779238228419622	1.11139627013326	0.750988731553096	0.874116596855229	-0.0596390283095305	0.976854281876262	0.773668591246	1.14103147210757	-0.153919434787742	0.458281499091048	0.171854747465445	0.0484754756419799	0.981101474406159	0.661739997400048	-0.0923249836805953
G:	-0.0227104283144618	-0.414823286072087	0.0587394156376032	-0.692126017688826	-0.525040007468422	0.106040102966831	0.151059940496329	-0.204529482093389	-0.0520946853618562	-1.70530847493256	-1.67187105385545	-1.83409375372686	1.81177473477836	-1.76994389686491	-1.78953137352122	-1.95649957598646	0.794330942133396	1.17386691015383	1.13704387636711	0.49384390810267	-0.313407415435301	-0.234890145980714	0.194534838885826
T:	0.118598903419967	-0.0273741254768382	-0.292725815727536	-0.100037404789254	-0.419252052774543	-0.251466529892771	-0.232020691768533	0.0025584278811045	-0.055181777827744	0.0307011345732539	-0.165786126695571	0.35759844247256	-1.09965882016928	0.7530206274718	0.0992377966695163	0.424124408097537	-1.20156461995592	-0.579138887151288	-0.854049743583246	-0.633210900573363	-0.897674478283186	-0.206039796390362	-0.101133149182484

Probability matrix

A:	0.42958305782837	0.351834499247098	0.29988439563283	0.246330691380512	0.178114752816715	0.383994225921867	0.305041726455485	0.405463763328721	0.260654720124423	0.0771932835534656	0.0562909145891671	0.0689483764921273	0.297856958459832	0.125282805326172	0.0532016996191563	0.079213387941384	0.115405160837314	0.51949947397169	0.326216301491023	0.229143782392309	0.157367772177044	0.324146645505894	0.249894604506892
C:	0.136669537006195	0.0862079026524032	0.150287459971574	0.0900775110545496	0.116296502160632	0.125164909220848	0.178787163116014	0.106317459851863	0.225326329837684	0.0446482258812673	0.0638535365879496	0.0526655098001042	0.176277052465621	0.0490216429016047	0.0593969152418661	0.0365517674270149	0.208712174208672	0.111463473574158	0.161558342878622	0.213073348113346	0.075270697691897	0.115868271708795	0.271830106165438
G:	0.232171394265758	0.334740431725164	0.227093952264581	0.427249747847742	0.37143768671508	0.202012073124176	0.209247561778882	0.269295494513195	0.256612769327005	0.746592348297261	0.720144405689712	0.790109172442814	0.0271300821856312	0.764376196066429	0.77081026812025	0.809373579264073	0.0808589087840891	0.0544951406279742	0.0615393744394925	0.136492276596148	0.274678083916465	0.284031202618303	0.204040282766799
T:	0.201576010899677	0.227217166375334	0.322734192131014	0.236342049717196	0.334151058307574	0.288828791733109	0.306923548649619	0.218923282306222	0.257406180710888	0.131566142268006	0.159711143133171	0.0882769412649543	0.498735906888916	0.0613193557057942	0.116591117018727	0.0748612653675283	0.595023756169926	0.314541911826178	0.450685981190862	0.421290592898197	0.492683446214594	0.275953880167008	0.27423500656087



3	GGGTGGG.A	0.470665108698994

Enrichment score matrix

A:	0.0238095238095238	0.0153558052434457	-0.0227910238429173	0.0582236842105263	0.0245235863792565	0.0666372462488967	0.00735294117647059	-0.145833333333333	-0.0915841584158416	-0.0318181818181818	0.0191867124856816	-0.0458477508650519	-0.132201646090535	-0.0148459383753501	-0.0476190476190476	0.117355853232382	0.0576351752822341	0.00263157894736842	-0.0264492753623188	0.0398467432950192	0.000888888888888889	0.0285779606767261	-0.0925925925925926
C:	-0.05119825708061	-0.0938697318007663	-0.0690743338008415	-0.0634868421052632	-0.0334821428571429	-0.078699617534569	-0.00846047156726768	-0.0982572115384615	-0.158508158508158	-0.185442386831276	-0.0816831683168317	-0.1875	-0.153195251326092	-0.179385267620562	0.016711590296496	-0.0497572815533981	-0.0186588921282799	-0.00526315789473684	-0.106521739130435	-0.0718475073313783	0.0100240577385726	-0.0209821428571429	0.00854700854700855
G:	-0.00637755102040816	0.0751466275659824	0.0570054945054945	-0.0115131578947368	-0.0164011246485473	0.0222065063649222	0.00565610859728507	0.269607843137255	0.29126213592233	0.285561497326203	-0.152435167615433	0.315743944636678	0.317112299465241	0.298319327731092	-0.0862433862433862	-0.127450980392157	-0.12345297029703	-0.0536184210526316	0.0340277777777778	0.0255028735632184	-0.0211213517665131	-0.0566265060240964	-0.0108108108108108
T:	0.0317823016202742	0.0108614232209738	0.0455197132616487	0.0273026315789474	0.0251913265306122	-0.000277777777777778	0.00599128540305011	-0.0239331026528258	-0.0210084033613445	-0.0548076923076923	0.201723113487819	-0.0784254807692308	-0.0165445819651427	-0.0938375350140056	0.130458221024259	0.0628792057363486	0.0927272727272727	0.06875	0.097463768115942	0.0223704866562009	0.0109803921568627	0.058271497162811	0.112139917695473

Energy matrix for enoLOGOS

PO	1	2	3	4	5	6	7	8	9	10	11	12	13	14	15	16	17	18	19	20	21	22	23
A:	-0.219293818380385	-0.141432192977911	0.209913087019093	-0.536259949289403	-0.225870577694511	-0.613751719403532	-0.0677230909704131	1.34317463757986	0.843521271690888	0.293056284562879	-0.176716152612372	0.422273390756694	1.21762215822936	0.136736145578358	0.438587636760771	-1.08088735291392	-0.530839581747885	-0.02423773782099	0.24360682867908	-0.367002068461886	-0.00818696921953439	-0.263212744969598	0.852809293701498
C:	0.471553374164358	0.864572180511174	0.63619812527325	0.584735424931383	0.308381932097417	0.724850264637726	0.0779238228419622	0.904982362270496	1.45991409159529	1.70798750210772	0.752329782859441	1.72693881974553	1.41098040808375	1.65219937250341	-0.153919434787742	0.458281499091048	0.171854747465445	0.0484754756419799	0.981101474406159	0.661739997400048	-0.0923249836805953	0.193252677447715	-0.0787208578801383
G:	0.0587394156376032	-0.692126017688826	-0.525040007468422	0.106040102966831	0.151059940496329	-0.204529482093389	-0.0520946853618562	-2.48318000224848	-2.68262340931345	-2.6301185875055	1.40397977839738	-2.90810920049421	-2.92071221421491	-2.74762254794247	0.794330942133396	1.17386691015383	1.13704387636711	0.49384390810267	-0.313407415435301	-0.234890145980714	0.194534838885826	0.521549394557687	0.0995712472646074
T:	-0.292725815727536	-0.100037404789254	-0.419252052774543	-0.251466529892771	-0.232020691768533	0.0025584278811045	-0.055181777827744	0.220432021589972	0.193494545629752	0.504797501156387	-1.8579385361176	0.722325371720488	0.152381231211023	0.864275637146224	-1.20156461995592	-0.579138887151288	-0.854049743583246	-0.633210900573363	-0.897674478283186	-0.206039796390362	-0.101133149182484	-0.536700322854134	-1.0328468112607

Probability matrix

A:	0.29988439563283	0.246330691380512	0.178114752816715	0.383994225921867	0.305041726455485	0.405463763328721	0.260654720124423	0.0194106523296184	0.0267035941499957	0.0484206078605879	0.143412746951905	0.0333766387396593	0.0148315080564855	0.0510337077010838	0.115405160837314	0.51949947397169	0.326216301491023	0.229143782392309	0.157367772177044	0.324146645505894	0.249894604506892	0.293747166925601	0.081613108550377
C:	0.150287459971574	0.0900775110545496	0.116296502160632	0.125164909220848	0.178787163116014	0.106317459851863	0.225326329837684	0.0300846260809019	0.0144169608286604	0.0117634149568302	0.0566380420023929	0.00905385638954403	0.0122239310358362	0.0112124315524731	0.208712174208672	0.111463473574158	0.161558342878622	0.213073348113346	0.075270697691897	0.115868271708795	0.271830106165438	0.186094386347974	0.207165925501667
G:	0.227093952264581	0.427249747847742	0.37143768671508	0.202012073124176	0.209247561778882	0.269295494513195	0.256612769327005	0.890850517787955	0.907726253040543	0.900635276785368	0.0295189043663722	0.932844767996402	0.929910377296363	0.91309967093405	0.0808589087840891	0.0544951406279742	0.0615393744394925	0.136492276596148	0.274678083916465	0.284031202618303	0.204040282766799	0.134015743435722	0.173335312221519
T:	0.322734192131014	0.236342049717196	0.334151058307574	0.288828791733109	0.306923548649619	0.218923282306222	0.257406180710888	0.0596542038015243	0.0511531919808008	0.039180700397214	0.77043030667933	0.0247247368743946	0.0430341836113147	0.0246541898123931	0.595023756169926	0.314541911826178	0.450685981190862	0.421290592898197	0.492683446214594	0.275953880167008	0.27423500656087	0.386142703290703	0.537885653726436



