1	ACCCACCC	0.483160531237159

Enrichment score matrix

A:	0.0800960279353994	0.00196078431372549	0.0141287284144427	0.105434782608696	0.0608552631578947	0.0881818181818182	0.066188637617209	0.128840970350404	-0.0592592592592593	-0.0500111881852763	-0.129249865083648	0.151700680272109	0.0358006773101113	-0.0266550954624349	-0.0565939771547248	-0.0196078431372549	0.00805555555555556	0.0271045918367347	0.0161184210526316	0.0232974910394265	0.0235955056179775	0.0558786871624429
C:	-0.048433734939759	-0.0142089093701997	-0.00610632183908046	0.0239583333333333	-0.0598684210526316	-0.12345297029703	-0.149732620320856	-0.0513227513227513	0.296560846560847	0.263726708074534	0.305820105820106	-0.166399572649573	0.278961038961039	0.279150579150579	0.275661375661376	0.0520361990950226	0.0371994342291372	-0.0110902842861606	-0.0118421052631579	0.0793269230769231	0.0667155425219941	-0.0335884353741497
G:	-0.0205357142857143	0.0324779470729751	-0.0289589442815249	-0.111231884057971	0.0144736842105263	-0.021865889212828	-0.0400485436893204	0.0180592991913747	-0.186384497705252	-0.14	-0.093734335839599	-0.0166481687014428	-0.23394495412844	-0.159600389863548	-0.134376686454398	-0.0223300970873786	-0.08693733451015	-0.032844387755102	-0.043421052631579	-0.0859046283309958	-0.111877394636015	-0.055119825708061
T:	-0.00297210791037952	-0.0217777777777778	0.0360153256704981	-0.0192028985507246	-0.00361842105263158	0.0650623885918004	0.126092020966803	-0.0825396825396825	-0.0464048954614992	-0.0562880324543611	-0.0786604361370716	0.0168269230769231	-0.0812945973496432	-0.0621125712868832	-0.0817042606516291	0.00169683257918552	0.0504560164754339	0.0167135270228054	0.0496710526315789	-0.00666199158485273	0.0292134831460674	0.030187074829932

Energy matrix for enoLOGOS

PO	1	2	3	4	5	6	7	8	9	10	11	12	13	14	15	16	17	18	19	20	21	22
A:	-0.737711679728341	-0.0180594909254435	-0.130130397720229	-0.971090234871402	-0.560497687110393	-0.812184560074263	-0.609619881211882	-1.18666919078292	0.545797947968959	0.460620065593349	1.1904352504524	-1.39721489996646	-0.32973642357341	0.245502501856543	0.52124979259886	0.180594909254435	-0.0741944085520304	-0.249642516459814	-0.148456144153564	-0.214577822286183	-0.217322637990449	-0.514661728305275
C:	0.446091184281256	0.130868891614101	0.0562413025587626	-0.220664404745263	0.551408535427522	1.13704387636711	1.37908839794296	0.472700008508831	-2.7314263378268	-2.42901274654726	-2.81670726719695	1.53259670185394	-2.56932611935128	-2.57107184901111	-2.53893509724846	-0.479271105329077	-0.342619450895295	0.102145293097518	0.109069820194455	-0.730627962200034	-0.614472854728616	0.309360922358044
G:	0.189140918353082	-0.299132947125129	0.266721733645938	1.0244835123901	-0.133307558015445	0.201392282186068	0.3688607187806	-0.166332292431915	1.71666466392519	1.28944765207667	0.863325137623833	0.153335300310369	2.15471265582929	1.46997391414337	1.23765502030333	0.205667794714031	0.800722441870833	0.302507990533657	0.399922674046334	0.79121086645658	1.0304288845276	0.507672356015245
T:	0.0273741254768382	0.200580745878592	-0.331713408032859	0.176865231780702	0.0333268895038612	-0.599246744344262	-1.16135043129461	0.760218570385336	0.427404882126381	0.518431937773507	0.724489390630525	-0.154981688951522	0.748750911992967	0.572077922930829	0.752524050442164	-0.0156284056085569	-0.464717085552785	-0.153937272696259	-0.457487301371185	0.0613592100517347	-0.269066123226271	-0.278033234017989

Probability matrix

A:	0.461424047791997	0.250639601366789	0.268403324066464	0.51937640331841	0.394713659165335	0.432243865014736	0.307786159956725	0.59051050093968	0.0345567663635256	0.049098810490083	0.0169577782466685	0.643385956417101	0.0924816229008883	0.0533766598720736	0.0423486067214145	0.19506217462625	0.237950620852239	0.313688919527153	0.269327458539957	0.26315694281298	0.261244303277198	0.38644322683007
C:	0.141247631191036	0.215958805375596	0.222765375434904	0.245231591973563	0.129833695482913	0.0615445618207244	0.0421273417164677	0.1123499124444	0.915827162353892	0.883125765614607	0.932499989096396	0.0343613774680808	0.868354159426964	0.892429858133436	0.903359337113697	0.377354236846772	0.311216315639674	0.220657998138798	0.208179771590881	0.440892347136968	0.388621636761701	0.169518542496391
G:	0.182630477994692	0.331984908773249	0.180483373219571	0.0706017633122382	0.257487315687336	0.156869317961005	0.115691209656044	0.21286337335704	0.0107159861340354	0.0214346167821195	0.0235196615960604	0.136482252403291	0.00771032911963817	0.0156880951980567	0.0206875132518989	0.190232206707671	0.0992008245559125	0.180593976136778	0.15564054333197	0.0962512448114096	0.0750162288567897	0.139024598130105
T:	0.214697843022275	0.201416684484366	0.328347927279062	0.164790241395789	0.217965329664416	0.349342255203535	0.534395288670763	0.0842762132588809	0.0389000851485469	0.0463408071131907	0.0270225710608753	0.185770413711528	0.031453888552509	0.0385053867964339	0.0336045429129893	0.237351381819306	0.351632238952175	0.28505910619727	0.366852226537191	0.199699465238642	0.275117831104312	0.305013632543434



2	A.CCCACCC	0.467311408928175

Enrichment score matrix

A:	0.133744855967078	0.0800960279353994	0.00196078431372549	0.0141287284144427	0.105434782608696	0.0608552631578947	0.0881818181818182	0.066188637617209	0.128840970350404	-0.0463945578231292	-0.0305810397553517	-0.0851540616246499	0.15027027027027	-0.037037037037037	-0.0341269841269841	-0.120283018867925	-0.0196078431372549	0.00805555555555556	0.0271045918367347	0.0161184210526316	0.0232974910394265	0.0235955056179775	0.0558786871624429
C:	-0.0616216216216216	-0.048433734939759	-0.0142089093701997	-0.00610632183908046	0.0239583333333333	-0.0598684210526316	-0.12345297029703	-0.149732620320856	-0.0513227513227513	0.232091314615586	0.24024024024024	0.229994700582936	-0.124107142857143	0.263446614931763	0.187149413564508	0.235884399250736	0.0520361990950226	0.0371994342291372	-0.0110902842861606	-0.0118421052631579	0.0793269230769231	0.0667155425219941	-0.0335884353741497
G:	0.00976800976800977	-0.0205357142857143	0.0324779470729751	-0.0289589442815249	-0.111231884057971	0.0144736842105263	-0.021865889212828	-0.0400485436893204	0.0180592991913747	-0.198775510204082	-0.140432857845548	-0.125770308123249	-0.0319817247287264	-0.152236652236652	-0.154205607476636	-0.141402714932127	-0.0223300970873786	-0.08693733451015	-0.032844387755102	-0.043421052631579	-0.0859046283309958	-0.111877394636015	-0.055119825708061
T:	-0.0679012345679012	-0.00297210791037952	-0.0217777777777778	0.0360153256704981	-0.0192028985507246	-0.00361842105263158	0.0650623885918004	0.126092020966803	-0.0825396825396825	-0.00194228634850166	-0.0712771595124536	-0.0322128851540616	-0.00770988006853227	-0.0728715728715729	-0.00291005291005291	0.00435729847494553	0.00169683257918552	0.0504560164754339	0.0167135270228054	0.0496710526315789	-0.00666199158485273	0.0292134831460674	0.030187074829932

Energy matrix for enoLOGOS

PO	1	2	3	4	5	6	7	8	9	10	11	12	13	14	15	16	17	18	19	20	21	22	23
A:	-1.23183564645772	-0.737711679728341	-0.0180594909254435	-0.130130397720229	-0.971090234871402	-0.560497687110393	-0.812184560074263	-0.609619881211882	-1.18666919078292	0.427309668958351	0.281661785075724	0.78429789161926	-1.38404033697804	0.341123717480599	0.314321139678552	1.10784754474242	0.180594909254435	-0.0741944085520304	-0.249642516459814	-0.148456144153564	-0.214577822286183	-0.217322637990449	-0.514661728305275
C:	0.567556109408262	0.446091184281256	0.130868891614101	0.0562413025587626	-0.220664404745263	0.551408535427522	1.13704387636711	1.37908839794296	0.472700008508831	-2.13764000498896	-2.21269438365794	-2.11832947611959	1.14306902830776	-2.42643299336648	-1.72370979934485	-2.1725756055384	-0.479271105329077	-0.342619450895295	0.102145293097518	0.109069820194455	-0.730627962200034	-0.614472854728616	0.309360922358044
G:	-0.0899666947201581	0.189140918353082	-0.299132947125129	0.266721733645938	1.0244835123901	-0.133307558015445	0.201392282186068	0.3688607187806	-0.166332292431915	1.83079010659282	1.29343442016685	1.15838734650345	0.294562570434418	1.40215138418974	1.42028613212717	1.30236713404641	0.205667794714031	0.800722441870833	0.302507990533657	0.399922674046334	0.79121086645658	1.0304288845276	0.507672356015245
T:	0.625393482047766	0.0273741254768382	0.200580745878592	-0.331713408032859	0.176865231780702	0.0333268895038612	-0.599246744344262	-1.16135043129461	0.760218570385336	0.0178891183695431	0.656486899857338	0.296691636632286	0.0710106196582972	0.671171989588452	0.0268025778020471	-0.0401322020565411	-0.0156284056085569	-0.464717085552785	-0.153937272696259	-0.457487301371185	0.0613592100517347	-0.269066123226271	-0.278033234017989

Probability matrix

A:	0.609486328514591	0.461424047791997	0.250639601366789	0.268403324066464	0.51937640331841	0.394713659165335	0.432243865014736	0.307786159956725	0.59051050093968	0.063485254575195	0.070596963955019	0.0464289471688411	0.666705500412054	0.0556028827836116	0.0967165918563457	0.0316836002901693	0.19506217462625	0.237950620852239	0.313688919527153	0.269327458539957	0.26315694281298	0.261244303277198	0.38644322683007
C:	0.100808710152465	0.141247631191036	0.215958805375596	0.222765375434904	0.245231591973563	0.129833695482913	0.0615445618207244	0.0421273417164677	0.1123499124444	0.825308570675916	0.855206798120743	0.846026339978472	0.0532628481079918	0.885180659661259	0.742346345736055	0.842372534394325	0.377354236846772	0.311216315639674	0.220657998138798	0.208179771590881	0.440892347136968	0.388621636761701	0.169518542496391
G:	0.194561355601025	0.182630477994692	0.331984908773249	0.180483373219571	0.0706017633122382	0.257487315687336	0.156869317961005	0.115691209656044	0.21286337335704	0.0156008785485531	0.0256672152161096	0.0319391864486701	0.124430274193697	0.0192441550686268	0.0320026904561386	0.0260828919015863	0.190232206707671	0.0992008245559125	0.180593976136778	0.15564054333197	0.0962512448114096	0.0750162288567897	0.139024598130105
T:	0.0951436057319188	0.214697843022275	0.201416684484366	0.328347927279062	0.164790241395789	0.217965329664416	0.349342255203535	0.534395288670763	0.0842762132588809	0.0956052962003356	0.0485290227081287	0.0756055264040165	0.155601377286257	0.0399723024865027	0.128934371951461	0.0998609734139189	0.237351381819306	0.351632238952175	0.28505910619727	0.366852226537191	0.199699465238642	0.275117831104312	0.305013632543434



3	GGGTGGG.A	0.465809504907319

Enrichment score matrix

A:	0.030187074829932	0.0292134831460674	-0.00666199158485273	0.0496710526315789	0.0167135270228054	0.0504560164754339	0.00169683257918552	-0.143888888888889	-0.0830583058305831	-0.0262032085561497	-0.0337915234822451	-0.0775663206459054	-0.118827160493827	-0.00868347338935574	-0.0825396825396825	0.126092020966803	0.0650623885918004	-0.00361842105263158	-0.0192028985507246	0.0360153256704981	-0.0217777777777778	-0.00297210791037952	-0.0679012345679012
C:	-0.055119825708061	-0.111877394636015	-0.0859046283309958	-0.043421052631579	-0.032844387755102	-0.08693733451015	-0.0223300970873786	-0.0913461538461538	-0.158799533799534	-0.179269547325103	-0.0857054455445545	-0.149166666666667	-0.150164182874463	-0.179650238473768	0.0180592991913747	-0.0400485436893204	-0.021865889212828	0.0144736842105263	-0.111231884057971	-0.0289589442815249	0.0324779470729751	-0.0205357142857143	0.00976800976800977
G:	-0.0335884353741497	0.0667155425219941	0.0793269230769231	-0.0118421052631579	-0.0110902842861606	0.0371994342291372	0.0520361990950226	0.271914648212226	0.280982295830954	0.284491978609626	-0.0708412397216951	0.310841983852365	0.305080213903743	0.296358543417367	-0.0513227513227513	-0.149732620320856	-0.12345297029703	-0.0598684210526316	0.0239583333333333	-0.00610632183908046	-0.0142089093701997	-0.048433734939759	-0.0616216216216216
T:	0.0558786871624429	0.0235955056179775	0.0232974910394265	0.0161184210526316	0.0271045918367347	0.00805555555555556	-0.0196078431372549	-0.0348904267589389	-0.019327731092437	-0.0646634615384615	0.18389780154486	-0.0817307692307692	-0.0213437736802223	-0.0977591036414566	0.128840970350404	0.066188637617209	0.0881818181818182	0.0608552631578947	0.105434782608696	0.0141287284144427	0.00196078431372549	0.0800960279353994	0.133744855967078

Energy matrix for enoLOGOS

PO	1	2	3	4	5	6	7	8	9	10	11	12	13	14	15	16	17	18	19	20	21	22	23
A:	-0.278033234017989	-0.269066123226271	0.0613592100517347	-0.457487301371185	-0.153937272696259	-0.464717085552785	-0.0156284056085569	1.32526564241213	0.764995267419364	0.241340469640018	0.311231432959104	0.714412214550632	1.09443859358359	0.0799777455269641	0.760218570385336	-1.16135043129461	-0.599246744344262	0.0333268895038612	0.176865231780702	-0.331713408032859	0.200580745878592	0.0273741254768382	0.625393482047766
C:	0.507672356015245	1.0304288845276	0.79121086645658	0.399922674046334	0.302507990533657	0.800722441870833	0.205667794714031	0.841329168593978	1.46259775720484	1.65113354919429	0.789376325197216	1.37387577215311	1.38306323595348	1.65463984425009	-0.166332292431915	0.3688607187806	0.201392282186068	-0.133307558015445	1.0244835123901	0.266721733645938	-0.299132947125129	0.189140918353082	-0.0899666947201581
G:	0.309360922358044	-0.614472854728616	-0.730627962200034	0.109069820194455	0.102145293097518	-0.342619450895295	-0.479271105329077	-2.50442646216077	-2.58794258310239	-2.62026795609162	0.652471930209572	-2.8629604731806	-2.80989261080878	-2.72956305701703	0.472700008508831	1.37908839794296	1.13704387636711	0.551408535427522	-0.220664404745263	0.0562413025587626	0.130868891614101	0.446091184281256	0.567556109408262
T:	-0.514661728305275	-0.217322637990449	-0.214577822286183	-0.148456144153564	-0.249642516459814	-0.0741944085520304	0.180594909254435	0.321352706173333	0.178014981979372	0.595572490399422	-1.69376134588629	0.752768203478823	0.196583420417274	0.900394618997111	-1.18666919078292	-0.609619881211882	-0.812184560074263	-0.560497687110393	-0.971090234871402	-0.130130397720229	-0.0180594909254435	-0.737711679728341	-1.23183564645772

Probability matrix

A:	0.305013632543434	0.275117831104312	0.199699465238642	0.366852226537191	0.285059106197271	0.351632238952175	0.237351381819306	0.0194553491821894	0.0313647558585417	0.0514521307912032	0.102491984367107	0.0261377005845673	0.0185802766033579	0.0547956664870282	0.0842762132588809	0.534395288670763	0.349342255203535	0.217965329664416	0.164790241395789	0.328347927279062	0.201416684484366	0.214697843022275	0.0951436057319188
C:	0.139024598130105	0.0750162288567897	0.0962512448114096	0.15564054333197	0.180593976136778	0.0992008245559125	0.190232206707671	0.0315653035453942	0.0156126635011895	0.0125642916764801	0.0635380984760602	0.0135165543360076	0.0139220787335109	0.0113469503183045	0.21286337335704	0.115691209656044	0.156869317961005	0.257487315687336	0.0706017633122382	0.180483373219571	0.331984908773249	0.182630477994692	0.194561355601025
G:	0.169518542496391	0.388621636761701	0.440892347136968	0.208179771590881	0.220657998138798	0.311216315639674	0.377354236846772	0.895886883620709	0.896611527155375	0.899878992897916	0.0728603136916224	0.935191598673199	0.921895452295727	0.909733695765758	0.1123499124444	0.0421273417164678	0.0615445618207244	0.129833695482913	0.245231591973563	0.222765375434904	0.215958805375596	0.141247631191036	0.100808710152465
T:	0.38644322683007	0.261244303277198	0.26315694281298	0.269327458539957	0.313688919527153	0.237950620852239	0.19506217462625	0.0530924636517078	0.0564110534848943	0.0361045846344007	0.76110960346521	0.0251541464062258	0.0456021923674042	0.0241236874289089	0.59051050093968	0.307786159956725	0.432243865014736	0.394713659165335	0.51937640331841	0.268403324066464	0.250639601366789	0.461424047791997	0.609486328514591



