1	A.CAAGGGG	0.487649040543252

Enrichment score matrix

A:	-0.0393784589186888	0.0405742821473159	0.00290585044556373	-0.0311594202898551	0.017967332123412	0.0175382653061224	0.0449163449163449	0.0832923832923833	0.0177415177415177	-0.0597713097713098	0.167245226878254	0.206376279191813	-0.150793650793651	-0.126526082130966	0.0484593837535014	-0.0961538461538462	-0.224603174603175	0.0153952843273232	0.02	-0.04296875	0.00868055555555556	-0.00439882697947214	0.041299117882919
C:	0.0568181818181818	-0.132945736434109	-0.0376344086021505	0.0115942028985507	-0.0672554347826087	-0.0618622448979592	-0.0678721174004193	-0.0898398398398398	-0.112954545454545	0.106808731808732	0.0392535392535393	-0.0964625850340136	-0.104068396226415	-0.180826961200793	-0.251168224299065	-0.249098557692308	0.067989417989418	-0.0721153846153846	-0.0178517851785179	-0.0201822916666667	0.0326086956521739	-0.0360153256704981	-0.0713725490196078
G:	-0.0445005829770696	0.170630202140309	0.0393939393939394	0.097305919886565	0.0200407608695652	0.0741421568627451	0.048202614379085	-0.0210043457267021	0.0453216374269006	-0.0970313358988455	-0.170430672268908	0.139455782312925	0.363259298902863	0.424954080293886	0.372813990461049	0.397624897624898	0.0992481203007519	-0.0294117647058824	0.0161764705882353	0	-0.0891304347826087	-0.0275862068965517	-0.0572390572390572
T:	0.0305555555555556	-0.0717054263565891	-0.00396825396825397	-0.0781637717121588	0.0310440513354145	-0.032844387755102	-0.0246995994659546	0.0267767767767768	0.0542626985902887	0.0482603815937149	-0.0419811320754717	-0.267487963749646	-0.131263616557734	-0.140224358974359	-0.194174757281553	-0.086987270155587	0.0518518518518519	0.0841886269070735	-0.0190519051905191	0.0631510416666667	0.047463768115942	0.0666666666666667	0.0862068965517241

Energy matrix for enoLOGOS

PO	1	2	3	4	5	6	7	8	9	10	11	12	13	14	15	16	17	18	19	20	21	22	23
A:	0.362689009965005	-0.373702948925376	-0.0267638716737006	0.286988866663026	-0.165485244432966	-0.161533393003409	-0.413694824944619	-0.767151200515952	-0.163405417114833	0.550514107472589	-1.5403854651371	-1.90079577605859	1.38886084974244	1.16534828235881	-0.446327418585961	0.885609651151556	2.06867168672163	-0.141795808777997	-0.184206807439524	0.395756812858352	-0.0799508712845155	0.0405146937183703	-0.380378932764052
C:	-0.523314793862283	1.22447548356117	0.346625712923835	-0.106786555037405	0.619445446213072	0.569772331684751	0.625125303024589	0.827455503888751	1.04034981019822	-0.983744774657539	-0.361538457329824	0.888453241323961	0.958505351210965	1.66547786108943	2.31334483641925	2.2942825025145	-0.6262056813751	0.664207238363667	0.164421017741549	0.185885775736499	-0.300337186042702	0.331713408032859	0.657365469686143
G:	0.40986551597018	-1.57156223945135	-0.362831590411183	-0.89622064236351	-0.184582228922077	-0.682874500618332	-0.443962485250486	0.19345717343359	-0.417427706917049	0.893691630375919	1.56972450142136	-1.28443522194226	-3.34574178618081	-3.91397172196679	-3.43374374758095	-3.66226064749749	-0.914108969248764	0.270892363881652	-0.148990800134909	0	0.820921641850051	0.254078355088998	0.527191199742745
T:	-0.281427066921494	0.660431383261858	0.0365489697300642	0.719914942226426	-0.285926279324269	0.302507990533657	0.227491718132923	-0.246623228178541	-0.499777923518511	-0.444494540959569	0.386660515615981	2.46365519154107	1.2089825869533	1.29151407459602	1.78841560620897	0.801182366162002	-0.477573204472839	-0.77540590926346	0.1754745315393	-0.58164258859485	-0.437157459684377	-0.614022691465079	-0.793994859653119

Probability matrix

A:	0.159143430180638	0.2053044189678	0.248355849478089	0.15634742588019	0.277513674091083	0.263553041345509	0.343492763624453	0.458746087708724	0.250681464724742	0.110471029523362	0.667642810801967	0.619542289484566	0.00850679408140116	0.0061292278482994	0.0476083858611253	0.0103344597813852	0.0207016008499275	0.250443941145922	0.296828278233894	0.156824294196394	0.244971686597576	0.223248170910566	0.30580735651675
C:	0.385989310481677	0.0415258205524319	0.170967419659533	0.231795621509301	0.126588227712099	0.126842849973948	0.121552457293456	0.0931201101413966	0.0752208039549157	0.51235215556798	0.20538911631816	0.0380816273961862	0.0130817829309963	0.00371708292426365	0.00301420665917403	0.00252643967766451	0.306460355485552	0.111858207022169	0.209458569036368	0.193445742089919	0.305371465041913	0.166848349394717	0.108333122486699
G:	0.151809943413081	0.680177054647705	0.347557567577537	0.510448692917829	0.282864275991053	0.443898419242963	0.354048427686243	0.175543784694351	0.32317867968426	0.0783805482425543	0.0297742328378866	0.334494490479924	0.968228181163765	0.984750966760759	0.94428237574894	0.975894239746938	0.408704208988595	0.165760990569683	0.28655708805111	0.232963746316205	0.0995111925545992	0.180317712664534	0.123394336792489
T:	0.303057315924604	0.0729927058320627	0.23311916328484	0.10140825969268	0.313033822205765	0.16570568943758	0.180906351395847	0.272590017455529	0.350919051636083	0.298796266666104	0.0971938400419867	0.00788159263932356	0.0101832418238375	0.00540272246667773	0.00509503173076055	0.011244860794012	0.264133834675925	0.471936861262226	0.207156064678628	0.416766217397483	0.350145655805912	0.429585767030183	0.462465184204062



2	AA.AAGGGG	0.487549895457137

Enrichment score matrix

A:	-0.047952047952048	0.0345221764974851	-0.0586206896551724	-0.0360153256704981	0.0729166666666667	0.0876288659793814	0.114424410540915	0.153968253968254	0.112514029180696	-0.0597713097713098	0.129530600118835	0.220844811753903	-0.0720844811753903	-0.183102652825836	0.028	-0.0681421083284799	-0.17550505050505	-0.0338541666666667	0.020687237026648	0.00749063670411985	-0.034453781512605	-0.0544715447154472	0.106753246753247
C:	0.021195652173913	-0.0829809725158562	0.0197132616487455	0.0674486803519062	-0.0273684210526316	0.0395408163265306	-0.0261183261183261	-0.0327635327635328	-0.105555555555556	0.106808731808732	0.0582857142857143	-0.0399449035812672	-0.0792316926770708	-0.144601353339217	-0.224004753416518	-0.223937099592312	-0.0345664038811401	-0.00846354166666667	-0.0209478021978022	-0.0388563049853372	-0.0382352941176471	0.0700041545492314	-0.0980246913580247
G:	0.0166666666666667	0.0978632478632479	0.00609756097560976	0.0375478927203065	0.0288263555250515	-0.0338956576069978	-0.00084841628959276	-0.109375	0.0266846361185984	-0.0970313358988455	-0.121662621359223	0.106480117820324	0.355218855218855	0.407914092380112	0.367498514557338	0.35086155674391	0.17739898989899	-0.06640625	0.050140252454418	0.0262951334379906	-0.0538945712037766	-0.0857471264367816	-0.177125506072875
T:	0.010989010989011	-0.0643823657791358	0.028175313059034	-0.0704119850187266	-0.0749327956989247	-0.0943877551020408	-0.0868736383442266	-0.0101809954751131	-0.0262474012474012	0.0482603815937149	-0.0682857142857143	-0.265228037955311	-0.174669867947179	-0.055009555009555	-0.16919044845661	-0.0518345952242283	0.0333951762523191	0.108723958333333	-0.0517241379310345	0.00711610486891386	0.137046861184792	0.0646258503401361	0.183226495726496

Energy matrix for enoLOGOS

PO	1	2	3	4	5	6	7	8	9	10	11	12	13	14	15	16	17	18	19	20	21	22	23
A:	0.441654683171685	-0.317960995923275	0.539916504564121	0.331713408032859	-0.67158731878993	-0.807091682080387	-1.05388776794457	-1.41810002552649	-1.03629250537667	0.550514107472589	-1.19302091568081	-2.03405588563845	0.663922607162654	1.68643775553774	-0.257889530415333	0.627612011369373	1.61646125215239	0.31180839800961	-0.190536494371176	-0.0689913136477617	0.317331054832793	0.501701467416589	-0.983233738410964
C:	-0.195219170927756	0.764283001268637	-0.181565849626771	-0.621225303681678	0.252072473338296	-0.36418437695314	0.240558673496059	0.30176328854053	0.972202594819708	-0.983744774657539	-0.536831267395183	0.367906158109241	0.729750857803635	1.33182768250259	2.06316002390673	2.06253690915832	0.318368345180499	0.0779520995024026	0.192936388286589	0.357879794512271	0.352160073046148	-0.644762090850846	0.90284077226532
G:	-0.15350567286627	-0.901353822727584	-0.056160612024245	-0.34582887220447	-0.26550054606932	0.312190543692414	0.00781420280427844	1.0073809781849	-0.245774581354621	0.893691630375919	1.12055415326531	-0.980718127973311	-3.27168656310939	-3.75702763334657	-3.38478640526873	-3.23155436105284	-1.63390507861446	0.611624165326543	-0.461808791442004	-0.242187129090426	0.496387344988488	0.789760220401636	1.63138619948971
T:	-0.101212531560178	0.592983502778912	-0.259504223360689	0.64851834828896	0.69015655341085	0.869343351436528	0.800135778502288	0.0937704336513412	0.241747499368398	-0.444494540959569	0.628934671114945	2.44284050575983	1.60876893652165	0.506656725348949	1.55830161797267	0.477414265058754	-0.307580940065995	-1.00138466283856	0.476396915791872	-0.0655417479653736	-1.26224823842291	-0.595226078461046	-1.68757839080547

Probability matrix

A:	0.155646450680468	0.283038601341027	0.140910210285613	0.158961668026221	0.431121980885328	0.46388205450691	0.562897627796113	0.672032461720694	0.53579569269499	0.110471029523362	0.561974332371275	0.689331677960098	0.0186851775428758	0.00422080861700043	0.0415559835258152	0.0200698443860418	0.0268019766362422	0.148755416290228	0.285192552829105	0.260538593413778	0.130637957081127	0.126715226177208	0.307940327215405
C:	0.294259181148515	0.0959031944590489	0.289920061573815	0.41223839195955	0.171182677580047	0.297889621998441	0.154261827414902	0.12035471386391	0.0718986736828824	0.51235215556798	0.291566038886444	0.062412183317972	0.0174947758611807	0.00601728883431589	0.00407957152473028	0.00477929722401115	0.0981570303564469	0.187946952282957	0.194356031968055	0.170013848136752	0.126166289219789	0.398778375785325	0.04670407923844
G:	0.282237086349297	0.507235866658827	0.255749895859239	0.313000682734021	0.287236033930726	0.151464019435541	0.194687519172033	0.0594315744640969	0.243042176479668	0.0783805482425543	0.0555832061499033	0.240419373467313	0.956556383680379	0.976028819330082	0.947605611081817	0.951828414464741	0.69148535386891	0.110221027258049	0.3740677284644	0.30980616166743	0.109221018359537	0.0950006280051068	0.0225398777182077
T:	0.26785728182172	0.113822337541097	0.313419832281332	0.115799257280208	0.110459307603899	0.0867643040591079	0.0881530256169524	0.148181249951299	0.149263457142459	0.298796266666104	0.0908764225923777	0.00783676525461708	0.0072636629155642	0.0137330832186014	0.00675883386763736	0.0233224439252065	0.183555639138401	0.553076604168766	0.14638368673844	0.259641396782039	0.633974735339547	0.37950577003236	0.622815715827947



3	CCCCCTGA	0.486733048016526

Enrichment score matrix

A:	0.0812807881773399	-0.0103448275862069	-0.0628472222222222	0.0223061084420041	0.0263671875	-0.0408769448373409	0.0264797507788162	0.159480519480519	-0.143518518518519	-0.219278779472954	-0.139252336448598	-0.296934865900383	-0.172869471413161	-0.128873585833743	0.167103538663172	0.0780780780780781	-0.00404749055585537	0.0500565610859729	0.00227864583333333	0.024116847826087	-0.0549853372434018	-0.0461847389558233
C:	-0.00962309542902967	0.0750401284109149	-0.0235507246376812	-0.0997983870967742	0.0992838541666667	0.052479815455594	0.0373917606927316	0.104675324675325	0.395594125500668	0.414008321775312	0.427369826435247	0.23968253968254	-0.00171526586620926	-0.263645998940117	-0.047613033594342	0.0125307125307125	-0.0122014537902388	0.0402597402597403	-0.0068359375	-0.00407608695652174	0.035024154589372	0.0357429718875502
G:	-0.0775862068965517	-0.0341091492776886	0.014275120504264	0.0157930107526882	-0.119140625	-0.0745807590467785	-0.0589115646258503	0.028032619775739	-0.184169884169884	-0.222884882108183	-0.150236494896689	-0.108928571428571	-0.232142857142857	0.203636363636364	-0.173656618610747	-0.0533558667310478	-0.0599028602266595	-0.121315789473684	-0.00618489583333333	0.0166666666666667	-0.0456928838951311	-0.0340406719717065
T:	0.00588235294117647	-0.0281320330082521	0.0735554767812832	0.0649122807017544	-0.00651041666666667	0.0622837370242214	-0.00530612244897959	-0.272617319787131	-0.0626310272536688	0.0292929292929293	-0.132193494578816	0.164029883542079	0.40989010989011	0.180767338908018	0.0539277595352362	-0.0355355355355355	0.0700197238658777	0.0417027417027417	0.0107421875	-0.0375886524822695	0.0678152492668622	0.0443583118001723

Energy matrix for enoLOGOS

PO	1	2	3	4	5	6	7	8	9	10	11	12	13	14	15	16	17	18	19	20	21	22
A:	-0.748623724815798	0.0952793831583743	0.578844308099892	-0.205446851125069	-0.242850771526716	0.376490575318404	-0.243887517637999	-1.46886986711516	1.32185440523732	2.01963219529741	1.28256141628453	2.73487118324963	1.59218667163882	1.18696959048586	-1.53908046844949	-0.719125674688831	0.037278765671787	-0.461037965452428	-0.0209871037121853	-0.222124377177415	0.506433671479629	0.425377165774
C:	0.0886319843333715	-0.691145124221327	0.216910189919729	0.919177113735526	-0.914438090316646	-0.483356963004517	-0.344390843087538	-0.964095368806858	-3.64355654501541	-3.81315756038126	-3.93622156618101	-2.20755777169588	0.0157981824562199	2.42826938794815	0.438532245546226	-0.115412127511249	0.112379542441039	-0.370805911079561	0.0629613111365559	0.0375421482553377	-0.322584385008828	-0.329204936990313
G:	0.714595373687807	0.314156874646058	-0.131478718695248	-0.145459004530538	1.09732570837998	0.686914176021172	0.542595562049753	-0.258189969652747	1.69626731947206	2.05284562798415	1.38372925429117	1.00326921909026	2.13811472920876	-1.87556022120242	1.59943656525143	0.49142569343475	0.551725731942448	1.11735971354764	0.0569649957902173	-0.15350567286627	0.420847013251346	0.313526175350206
T:	-0.0541784727763305	0.259105599361671	-0.67747097737861	-0.597864199584419	0.0599631534633866	-0.573654417631735	0.0488711938104859	2.51089830653536	0.576853078852806	-0.26979784928011	1.21754708003188	-1.51077105859816	-3.77522742719463	-1.66492871947922	-0.496693020817609	0.327294377582737	-0.644905489556518	-0.384096445526857	-0.0989392032145879	0.34620428348563	-0.624601528158209	-0.408555150005834

Probability matrix

A:	0.462163129672046	0.206277352507099	0.125262927779181	0.266872618288127	0.252660656456683	0.149655313300206	0.302354748238257	0.520744845025818	0.00679525129589304	0.00283168868289092	0.00532821232506342	0.00461764876110669	0.00453052997183568	0.0250054892863837	0.651738335821001	0.455372776010644	0.222040887986069	0.32830280090206	0.254740835611911	0.305673658596388	0.133702589993176	0.152731837912209
C:	0.200068981411266	0.452888583194117	0.17989063243067	0.0866734401296161	0.494543259420765	0.353605638576679	0.334321905077302	0.314343294300872	0.974217884791723	0.966482311724875	0.984170117462591	0.646979496781004	0.021916229017558	0.00722679448480715	0.0902000915423885	0.248987532337078	0.205976228862818	0.29997654900895	0.234228768880214	0.235768768979419	0.306321716902802	0.324818249309991
G:	0.10698608986862	0.165727379003241	0.254866015391762	0.251334221436665	0.0661464239689832	0.109717747662681	0.137705577736324	0.155179154275894	0.00467304603599479	0.0027391832958044	0.00481553882858686	0.0260883176246833	0.00262455371080302	0.534656873882524	0.0282509227915118	0.135716072783322	0.132742953636201	0.0677306409846218	0.235637497812065	0.285402182842871	0.145649713130929	0.170807071149094
T:	0.230781799048068	0.175106685295542	0.439980424398387	0.395119720145591	0.186649660153569	0.387021300460434	0.225617768948116	0.00973270639741623	0.0143138178763894	0.0279468162964294	0.00568613138375831	0.322314536833206	0.970928687299803	0.433110842346285	0.229810649845098	0.159923618868955	0.439239929514911	0.303990009104368	0.27539289769581	0.173155389581322	0.414325979973093	0.351642841628706



